1,-1,579.2624312639236,562.5579303503036,58.11862349510193,145.41256070137024,1.0,-1,-1,-1,
1,-1,771.141893863678,455.00118362903595,57.09956645965576,142.91081929206848,1.0,-1,-1,-1,
1,-1,1136.1992025375366,565.2564504146576,72.10347175598145,163.99936151504517,1.0,-1,-1,-1,
1,-1,1195.0567603111267,440.34135246276855,73.09128284454346,143.67898893356323,1.0,-1,-1,-1,
1,-1,1182.2714960575104,282.91089034080505,58.51731061935425,122.79188919067383,1.0,-1,-1,-1,
1,-1,1480.7961684465408,335.82686644792557,57.89603590965271,123.28220880031586,1.0,-1,-1,-1,
1,-1,943.8890111446381,538.6579030752182,68.91173601150513,136.84618592262268,1.0,-1,-1,-1,
1,-1,482.6184332370758,776.7713248729706,88.8507342338562,162.27967500686646,1.0,-1,-1,-1,
1,-1,1826.6661947965622,164.1891090273857,51.782509088516235,108.60747849941254,1.0,-1,-1,-1,
1,-1,1605.8487010002136,516.0749541521072,79.71975803375244,136.60992407798767,0.9999986886978149,-1,-1,-1,
1,-1,1320.4223012924194,256.62273037433624,60.02697944641113,130.56317353248596,0.9999996423721313,-1,-1,-1,
1,-1,1351.872780919075,278.2294963002205,57.90398955345154,121.14380156993866,0.9999982118606567,-1,-1,-1,
1,-1,934.2542392015457,549.1461519598961,45.15801787376404,113.72774040699005,0.9999998807907104,-1,-1,-1,
2,-1,1212.7480816841125,456.87071603536606,62.45763301849365,149.92636120319366,1.0,-1,-1,-1,
2,-1,1167.63667345047,568.9724873900414,62.91665554046631,161.26136791706085,1.0,-1,-1,-1,
2,-1,1229.7006905078888,298.5149626135826,62.65306234359741,121.85418999195099,1.0,-1,-1,-1,
2,-1,802.7948427200317,466.1029314994812,64.83332633972168,139.3601131439209,1.0,-1,-1,-1,
2,-1,641.5153241157532,556.3539261817932,56.174254417419434,142.08664512634277,1.0,-1,-1,-1,
2,-1,500.7564389705658,781.072271168232,94.69538927078247,158.82955491542816,1.0,-1,-1,-1,
2,-1,1532.8916716575623,348.1114427447319,48.14945697784424,120.18081343173981,1.0,-1,-1,-1,
2,-1,972.715677022934,551.6297433972359,71.96473360061646,115.86875474452972,0.9999996423721313,-1,-1,-1,
2,-1,1635.5349040031433,515.3291702270508,60.488648414611816,146.70713424682617,1.0,-1,-1,-1,
2,-1,924.877969622612,554.5017342567444,54.346386194229126,129.4526424407959,0.9999997615814209,-1,-1,-1,
2,-1,1360.9609240293503,262.913889169693,55.31203866004944,130.27397775650024,0.9999991655349731,-1,-1,-1,
2,-1,1377.400939464569,309.471026301384,67.21868991851807,98.43457531929016,0.9999935626983643,-1,-1,-1,
2,-1,1880.9469813108444,182.84627598524094,33.693119287490845,101.94564378261566,0.9999749660491943,-1,-1,-1,
3,-1,837.9731404781342,476.16793262958527,54.18879747390747,145.6625726222992,1.0,-1,-1,-1,
3,-1,986.5702468156815,547.3137595653534,53.37058424949646,137.3045153617859,1.0,-1,-1,-1,
3,-1,718.6791604757309,556.2442651391029,57.21580624580383,140.33010184764862,1.0,-1,-1,-1,
3,-1,539.2236506938934,759.0910474061966,54.85607385635376,194.15121245384216,1.0,-1,-1,-1,
3,-1,1283.236557841301,316.64579486846924,38.90370011329651,106.29025268554688,1.0,-1,-1,-1,
3,-1,1580.224277973175,359.34675335884094,44.217352867126465,126.08337163925171,1.0,-1,-1,-1,
3,-1,1206.4737510681152,584.0714873671532,45.47435760498047,150.16915047168732,1.0,-1,-1,-1,
3,-1,1660.7668805122375,526.4400075674057,49.42555904388428,138.80974316596985,1.0,-1,-1,-1,
3,-1,922.9369103908539,547.2560298442841,58.469059467315674,130.2481770515442,1.0,-1,-1,-1,
3,-1,1237.1799051761627,475.67632234096527,46.10802412033081,137.13339257240295,1.0,-1,-1,-1,
3,-1,1403.0522274971008,283.3507431149483,44.85890865325928,130.3835438489914,1.0,-1,-1,-1,
3,-1,369.5753878355026,340.9240956902504,50.45556664466858,116.69263923168182,0.9999969005584717,-1,-1,-1,
4,-1,555.2247226238251,773.2286911010742,57.86186456680298,180.2850522994995,1.0,-1,-1,-1,
4,-1,767.5371944904327,554.0942900776863,70.19637823104858,146.31250512599945,1.0,-1,-1,-1,
4,-1,990.6441521644592,561.993036210537,67.29018688201904,138.87500774860382,1.0,-1,-1,-1,
4,-1,1616.9409531354904,364.92460602521896,48.456655740737915,137.28003752231598,1.0,-1,-1,-1,
4,-1,1667.1664452552795,534.1211503744125,74.29419994354248,151.619793176651,1.0,-1,-1,-1,
4,-1,1406.8184745311737,332.6715103983879,37.2957444190979,105.84133780002594,1.0,-1,-1,-1,
4,-1,1235.6700038909912,478.6343010663986,68.8542366027832,140.3985722064972,1.0,-1,-1,-1,
4,-1,866.0000735521317,491.8937841653824,51.983617544174194,147.0367305278778,1.0,-1,-1,-1,
4,-1,1306.3242030143738,329.38156324625015,54.797730445861816,107.65003287792206,0.9999994039535522,-1,-1,-1,
4,-1,1220.8716559410095,554.1068025827408,77.68860340118408,189.1810233592987,1.0,-1,-1,-1,
4,-1,914.5158791542053,540.7270320653915,70.4515027999878,130.43247056007385,0.9999998807907104,-1,-1,-1,
4,-1,1449.4748497009277,293.3764541745186,38.742713928222656,107.16445434093475,0.9999932050704956,-1,-1,-1,
5,-1,796.1416554450989,556.4696897864342,70.15550136566162,139.70402920246124,1.0,-1,-1,-1,
5,-1,1465.0644332170486,307.3032472729683,41.5568482875824,117.78700625896454,1.0,-1,-1,-1,
5,-1,558.6673164367676,766.2216818332672,56.53736114501953,200.47630548477173,1.0,-1,-1,-1,
5,-1,1210.2716624736786,495.08777207136154,71.05541467666626,137.94560301303864,1.0,-1,-1,-1,
5,-1,989.9485445022583,572.987197458744,68.52828025817871,147.00784957408905,1.0,-1,-1,-1,
5,-1,1223.3082872629166,602.6760663986206,56.095064878463745,148.34957313537598,1.0,-1,-1,-1,
5,-1,1308.5705816745758,346.11790215969086,55.37012815475464,109.18674874305725,1.0,-1,-1,-1,
5,-1,1636.8840605020523,392.24757993221283,40.31955599784851,116.15054440498352,1.0,-1,-1,-1,
5,-1,480.4187285900116,362.20523715019226,42.880117893218994,117.20066785812378,1.0,-1,-1,-1,
5,-1,1383.8056308031082,352.2082670331001,50.48810362815857,97.87820899486542,0.9999998807907104,-1,-1,-1,
5,-1,877.1984875202179,538.4842906594276,78.77383947372437,144.6023586988449,0.9999988079071045,-1,-1,-1,
5,-1,1675.253312587738,549.5023165941238,56.6416597366333,139.77398657798767,1.0,-1,-1,-1,
6,-1,553.9352148771286,768.1663810014725,49.65413689613342,218.78671431541443,1.0,-1,-1,-1,
6,-1,993.4478330612183,574.71993881464,60.66018104553223,146.60562121868134,1.0,-1,-1,-1,
6,-1,1642.0008623600006,400.6783899664879,52.15313673019409,124.4859391450882,1.0,-1,-1,-1,
6,-1,1660.868015885353,561.0018961429596,55.411566495895386,148.13015127182007,1.0,-1,-1,-1,
6,-1,1284.8771560192108,360.8725660443306,50.51401376724243,104.56248414516449,1.0,-1,-1,-1,
6,-1,500.6492257118225,388.0723155140877,51.06704235076904,107.78880822658539,1.0,-1,-1,-1,
6,-1,1462.8453522920609,312.75285762548447,46.96913123130798,132.67407095432281,1.0,-1,-1,-1,
6,-1,1209.2827928066254,606.1674302816391,73.18284273147583,162.80872464179993,1.0,-1,-1,-1,
6,-1,791.2152761220932,559.048313498497,54.87360119819641,123.17837834358215,0.9999996423721313,-1,-1,-1,
6,-1,1345.1298701763153,366.17992973327637,57.55871057510376,109.84692621231079,0.9999998807907104,-1,-1,-1,
6,-1,1194.0762430429459,499.46753346920013,43.386744260787964,145.33353638648987,1.0,-1,-1,-1,
6,-1,860.2550786733627,497.5735875964165,40.0193989276886,154.45589125156403,0.9999997615814209,-1,-1,-1,
6,-1,872.9860603809357,556.5746049284935,45.99435567855835,118.1698647737503,0.9999977350234985,-1,-1,-1,
7,-1,547.03917324543,773.6203011274338,53.7688672542572,202.33146500587463,1.0,-1,-1,-1,
7,-1,1021.7317163944244,559.455804347992,49.171836376190186,162.27569675445557,1.0,-1,-1,-1,
7,-1,1467.3217177391052,318.8271887898445,48.946194648742676,122.98638904094696,1.0,-1,-1,-1,
7,-1,1206.65866792202,607.9118263721466,49.80026364326477,165.69517850875854,1.0,-1,-1,-1,
7,-1,526.2245088815689,399.55794382095337,43.8593852519989,100.49038553237915,1.0,-1,-1,-1,
7,-1,1648.1984156370163,402.37468975782394,43.40640664100647,131.32671797275543,1.0,-1,-1,-1,
7,-1,1304.5270478725433,368.5761637687683,63.86460542678833,126.93452453613281,1.0,-1,-1,-1,
7,-1,1169.8891639709473,488.3419466614723,42.436180114746094,128.4121845960617,1.0,-1,-1,-1,
7,-1,795.1072704792023,547.4572631120682,69.75509405136108,123.26871943473816,1.0,-1,-1,-1,
7,-1,772.2323262691498,548.7564876079559,55.27484178543091,126.63623285293579,1.0,-1,-1,-1,
7,-1,1641.1147713661194,565.2156218290329,66.5154218673706,145.31615567207336,0.9999998807907104,-1,-1,-1,
7,-1,835.8374673128128,501.9379912018776,58.306792974472046,129.74764144420624,0.9999936819076538,-1,-1,-1,
7,-1,1263.313370347023,372.11706429719925,47.85331606864929,104.59767043590546,0.9999997615814209,-1,-1,-1,
8,-1,551.9047826528549,754.1757524013519,48.892232179641724,227.87989854812622,1.0,-1,-1,-1,
8,-1,1054.3125593662262,565.7991551756859,42.227160930633545,160.83959591388702,1.0,-1,-1,-1,
8,-1,1153.345872759819,476.19229942560196,47.388378381729126,148.27617824077606,1.0,-1,-1,-1,
8,-1,1477.67216026783,314.0742682814598,38.84917616844177,132.22418081760406,1.0,-1,-1,-1,
8,-1,756.1697244644165,521.2695572376251,64.78411674499512,151.09715509414673,1.0,-1,-1,-1,
8,-1,1203.6513769626617,613.6516335010529,78.22306394577026,153.27082586288452,1.0,-1,-1,-1,
8,-1,1640.3344649076462,561.0229863524437,53.651214838027954,142.5432654619217,1.0,-1,-1,-1,
8,-1,551.6236317157745,404.2566944360733,48.72371435165405,97.59539580345154,1.0,-1,-1,-1,
8,-1,1657.2975826263428,405.97916346788406,47.95045852661133,127.52851045131683,1.0,-1,-1,-1,
8,-1,1269.6351277828217,379.04905807971954,62.59894609451294,122.78854823112488,0.9999998807907104,-1,-1,-1,
8,-1,808.5754841566086,502.38193970918655,54.50434327125549,106.63457429409027,1.0,-1,-1,-1,
8,-1,1248.4921807050705,374.36571675539017,39.46308732032776,107.20624530315399,0.9999988079071045,-1,-1,-1,
9,-1,547.6199769973755,762.071363568306,60.8353328704834,212.00267386436462,0.9999998807907104,-1,-1,-1,
9,-1,1078.9833533763885,558.0532869100571,47.86253213882446,163.52303338050842,1.0,-1,-1,-1,
9,-1,1203.8110220432281,601.9448404312134,62.010905742645264,178.77524757385254,1.0,-1,-1,-1,
9,-1,1136.814095377922,461.7517340183258,47.831236124038696,169.2362093925476,1.0,-1,-1,-1,
9,-1,568.419942855835,409.7126439213753,56.80898666381836,107.44694888591766,1.0,-1,-1,-1,
9,-1,1469.085477590561,320.7402132153511,65.34627199172974,119.24370324611664,1.0,-1,-1,-1,
9,-1,1672.2347956895828,404.9513887166977,59.0152108669281,130.27774357795715,1.0,-1,-1,-1,
9,-1,689.9878621101379,517.4400048851967,71.36468410491943,137.09512603282928,0.9999998807907104,-1,-1,-1,
9,-1,1626.9873636960983,551.4832899570465,53.69601845741272,152.9962878227234,0.9999998807907104,-1,-1,-1,
9,-1,1214.9978041648865,380.749141395092,61.34312152862549,120.43051636219025,0.9999996423721313,-1,-1,-1,
9,-1,771.27685546875,477.521040558815,53.68309020996094,176.2985417842865,0.9999990463256836,-1,-1,-1,
9,-1,773.27685546875,495.4400048851967,51.86253213882446,183.44694888591766,0.9999046,-1,-1,-1,
10,-1,555.3028500080109,732.2279849052429,48.7008261680603,259.5873041152954,1.0,-1,-1,-1,
10,-1,1103.3377254009247,553.8705359101295,52.30175256729126,154.8040655851364,1.0,-1,-1,-1,
10,-1,1201.3114714622498,606.2432391643524,72.65125751495361,172.13423109054565,0.9999996423721313,-1,-1,-1,
10,-1,586.9421374797821,420.2932729125023,49.91943597793579,94.72737514972687,1.0,-1,-1,-1,
10,-1,1477.9060381650925,315.04804211854935,39.367443323135376,130.51339709758759,1.0,-1,-1,-1,
10,-1,653.8737738132477,511.580748796463,57.312419414520264,124.10482835769653,1.0,-1,-1,-1,
10,-1,1684.104974269867,404.7294273376465,44.06574726104736,137.2056384086609,1.0,-1,-1,-1,
10,-1,756.0544037818909,507.0646244287491,61.97646617889404,139.80843901634216,1.0,-1,-1,-1,
10,-1,1171.467964053154,380.01848834753036,50.17427086830139,140.73644363880157,0.9999998807907104,-1,-1,-1,
10,-1,1601.4532399177551,549.9101952910423,87.33262538909912,161.65177738666534,0.9999984502792358,-1,-1,-1,
10,-1,1122.4788576364517,472.45384937524796,38.199251890182495,118.33021152019501,0.9999997615814209,-1,-1,-1,
11,-1,548.0094069242477,767.7094323635101,55.47460198402405,203.21210718154907,0.9999998807907104,-1,-1,-1,
11,-1,754.2118960618973,500.65060490369797,52.49276518821716,144.6525503396988,1.0,-1,-1,-1,
11,-1,1466.4187520742416,316.615853369236,58.176594972610474,124.41616523265839,1.0,-1,-1,-1,
11,-1,1681.8582236766815,421.4712814092636,57.33732461929321,123.91883540153503,0.9999997615814209,-1,-1,-1,
11,-1,597.0644509792328,421.96491944789886,53.2555890083313,105.32096886634827,0.9999997615814209,-1,-1,-1,
11,-1,1194.3867981433868,609.6046403646469,55.46010732650757,181.44224095344543,0.9999997615814209,-1,-1,-1,
11,-1,1125.2737927436829,563.5137457251549,45.74788570404053,154.20024025440216,0.9999991655349731,-1,-1,-1,
11,-1,659.847639799118,501.85025399923325,73.43384027481079,129.3547021150589,0.9999979734420776,-1,-1,-1,
11,-1,598.6559057235718,530.8918731808662,68.83606910705566,109.53259599208832,1.0,-1,-1,-1,
11,-1,1584.682028889656,547.3726962804794,57.366517782211304,161.27412343025208,0.9999997615814209,-1,-1,-1,
11,-1,1084.4467520713806,473.1799319386482,63.31322193145752,141.97798669338226,0.9999977350234985,-1,-1,-1,
11,-1,1105.481060743332,388.2775093317032,55.59999704360962,112.50457262992859,0.9999995231628418,-1,-1,-1,
12,-1,1465.4038274288177,312.4616711139679,44.43923234939575,138.41433191299438,1.0,-1,-1,-1,
12,-1,1686.1733758449554,419.7507435679436,48.590519428253174,129.79037868976593,1.0,-1,-1,-1,
12,-1,734.9367052316666,508.00355637073517,58.24586749076843,132.26536345481873,1.0,-1,-1,-1,
12,-1,548.1572341918945,741.6159814596176,55.346832275390625,254.8465597629547,1.0,-1,-1,-1,
12,-1,1056.5546625852585,474.13046872615814,56.08028054237366,138.74400544166565,1.0,-1,-1,-1,
12,-1,1134.0783298015594,551.7523144483566,61.83685541152954,170.6442596912384,0.9999998807907104,-1,-1,-1,
12,-1,558.1132900714874,522.3942970633507,84.71389532089233,110.8978511095047,0.9999997615814209,-1,-1,-1,
12,-1,1554.4738215208054,548.7811070680618,56.804691553115845,163.07542204856873,1.0,-1,-1,-1,
12,-1,1031.6990804672241,394.57997846603394,61.39134407043457,143.83325242996216,0.9999994039535522,-1,-1,-1,
12,-1,1158.8833272457123,588.3197958469391,93.63761186599731,208.15479612350464,1.0,-1,-1,-1,
12,-1,607.3155641555786,429.9132151007652,61.219167709350586,108.2089387178421,0.9999957084655762,-1,-1,-1,
12,-1,613.3977860212326,523.7019399404526,56.765867471694946,100.69839406013489,0.9999997615814209,-1,-1,-1,
13,-1,540.2554285526276,782.8331451416016,56.16783857345581,195.55149936676025,1.0,-1,-1,-1,
13,-1,1446.5413105487823,315.3061746954918,71.6366171836853,135.23220312595367,1.0,-1,-1,-1,
13,-1,720.5103760957718,506.1526132822037,53.6095654964447,131.7778537273407,1.0,-1,-1,-1,
13,-1,1027.3255276679993,461.7358467578888,61.23380184173584,151.01759004592896,1.0,-1,-1,-1,
13,-1,1163.5383689403534,628.4950661659241,55.418150424957275,167.91353702545166,1.0,-1,-1,-1,
13,-1,1679.219559431076,418.6194795370102,45.568907260894775,140.71146368980408,1.0,-1,-1,-1,
13,-1,1510.6285429000854,557.7162137031555,68.06199073791504,156.59421157836914,0.9999996423721313,-1,-1,-1,
13,-1,977.325684428215,405.05553781986237,50.700498819351196,135.7987082004547,1.0,-1,-1,-1,
13,-1,518.0938124656677,523.7886536121368,61.11103534698486,105.6869101524353,0.9999997615814209,-1,-1,-1,
13,-1,1160.149244070053,568.3327741026878,53.59891176223755,130.0495444536209,0.9999980926513672,-1,-1,-1,
14,-1,1437.20887362957,319.24680107831955,40.9168016910553,139.15618908405304,1.0,-1,-1,-1,
14,-1,537.6229852437973,765.6211009025574,49.10114407539368,241.98643398284912,0.9999998807907104,-1,-1,-1,
14,-1,1171.019915342331,570.1690578460693,40.37700891494751,167.24148273468018,1.0,-1,-1,-1,
14,-1,993.6357879638672,460.1588977575302,57.6177978515625,151.68514466285706,1.0,-1,-1,-1,
14,-1,686.1224591732025,512.4656717777252,49.13142442703247,132.9753270149231,1.0,-1,-1,-1,
14,-1,1661.1311548948288,433.17316603660583,55.18352150917053,135.57138776779175,1.0,-1,-1,-1,
14,-1,884.8905050754547,422.37289148569107,64.07152891159058,138.1282743215561,0.9999998807907104,-1,-1,-1,
14,-1,1137.866089940071,631.0104256868362,56.009992361068726,177.6941478252411,0.9999990463256836,-1,-1,-1,
14,-1,1480.167943239212,561.4887235164642,48.252904415130615,151.45906019210815,0.9999996423721313,-1,-1,-1,
14,-1,446.3784635066986,541.658472597599,81.31060838699341,96.51942336559296,0.9999895095825195,-1,-1,-1,
14,-1,613.4652900695801,442.3802454471588,64.4516372680664,103.87244081497192,0.9999967813491821,-1,-1,-1,
14,-1,1777.6453077793121,122.19711953401566,35.33667325973511,102.88176906108856,0.9999986886978149,-1,-1,-1,
15,-1,522.214812040329,782.7573974132538,51.127588748931885,246.3773045539856,1.0,-1,-1,-1,
15,-1,1105.724984407425,632.1501177549362,58.06152105331421,206.46946549415588,1.0,-1,-1,-1,
15,-1,1174.8322749137878,571.6054773330688,45.048279762268066,197.43332862854004,1.0,-1,-1,-1,
15,-1,633.0095064640045,524.1666648387909,73.74481916427612,127.8668646812439,1.0,-1,-1,-1,
15,-1,959.048877954483,471.1652303338051,54.947669506073,143.32715499401093,1.0,-1,-1,-1,
15,-1,1655.629604458809,439.03535592556,42.804282903671265,140.09707474708557,1.0,-1,-1,-1,
15,-1,1418.6368471384048,336.71302860975266,51.52772784233093,121.70680153369904,0.9999995231628418,-1,-1,-1,
15,-1,1430.944368839264,554.8564456701279,58.96987438201904,164.71202874183655,0.9999998807907104,-1,-1,-1,
15,-1,806.2930619716644,436.11896377801895,71.4397931098938,145.94588792324066,0.9999998807907104,-1,-1,-1,
15,-1,377.7287685871124,538.8955618143082,87.42442846298218,113.67487406730652,0.9999996423721313,-1,-1,-1,
15,-1,473.44873309135437,576.7063010036945,71.00849390029907,59.48162788152695,0.9999927282333374,-1,-1,-1,
15,-1,1742.216717004776,124.68063050508499,43.59741926193237,91.14013087749481,0.9999997615814209,-1,-1,-1,
16,-1,1178.5913103818893,588.516085267067,56.65122628211975,171.92228293418884,1.0,-1,-1,-1,
16,-1,520.7386690378189,781.4370714426041,50.45026659965515,249.92291235923767,1.0,-1,-1,-1,
16,-1,1662.3974919319153,434.1635127067566,47.613844871520996,152.5861415863037,1.0,-1,-1,-1,
16,-1,1087.7267611026764,638.6173174381256,62.08706617355347,201.56341123580933,1.0,-1,-1,-1,
16,-1,326.16300344467163,519.0727620720863,59.26384449005127,151.54892814159393,1.0,-1,-1,-1,
16,-1,936.0395729541779,474.26522719860077,55.14299154281616,136.73139595985413,1.0,-1,-1,-1,
16,-1,1412.6384568214417,321.1164895892143,39.85469341278076,151.57347357273102,1.0,-1,-1,-1,
16,-1,1391.1359506845474,566.4044176340103,50.263956785202026,170.78581595420837,0.9999996423721313,-1,-1,-1,
16,-1,756.1892294883728,440.6283161044121,68.90400409698486,138.2060819864273,0.9999997615814209,-1,-1,-1,
16,-1,618.5796457529068,521.2813793420792,50.68635821342468,134.4956567287445,1.0,-1,-1,-1,
17,-1,1192.5414025783539,582.5664060115814,57.89525270462036,183.45355653762817,1.0,-1,-1,-1,
17,-1,1682.4372571706772,430.53781843185425,44.60332989692688,160.2162365913391,1.0,-1,-1,-1,
17,-1,1074.0843468904495,628.9914078712463,52.7874219417572,222.93941116333008,1.0,-1,-1,-1,
17,-1,517.7122610807419,809.7816016674042,59.38768029212952,192.44541120529175,0.9999995231628418,-1,-1,-1,
17,-1,613.7159049510956,515.8159815073013,52.67729043960571,143.8974645137787,1.0,-1,-1,-1,
17,-1,1417.8526657819748,317.66140151023865,50.81093430519104,148.70197677612305,1.0,-1,-1,-1,
17,-1,934.0198087692261,465.09454268217087,60.787668228149414,130.21724903583527,1.0,-1,-1,-1,
17,-1,283.89570236206055,528.1777893304825,62.979068756103516,141.7101981639862,0.9999996423721313,-1,-1,-1,
17,-1,1366.5950006246567,541.7319399118423,54.47677731513977,190.36468863487244,0.9999985694885254,-1,-1,-1,
17,-1,717.3849785327911,443.7747677564621,58.96657705307007,134.79889225959778,0.9999998807907104,-1,-1,-1,
18,-1,1690.5099695920944,433.28852570056915,45.69980263710022,152.97996926307678,1.0,-1,-1,-1,
18,-1,1205.6217348575592,585.3109849691391,55.92419385910034,177.72068238258362,1.0,-1,-1,-1,
18,-1,1422.692225575447,307.731012403965,44.8820436000824,157.52329766750336,1.0,-1,-1,-1,
18,-1,1058.967125415802,636.6717460155487,55.30038356781006,208.97099447250366,1.0,-1,-1,-1,
18,-1,522.8160971403122,790.2534645795822,52.28078484535217,232.52779126167297,0.9999996423721313,-1,-1,-1,
18,-1,938.7048608064651,452.6500428915024,52.76018500328064,146.19129395484924,1.0,-1,-1,-1,
18,-1,1339.8471522331238,552.5734115839005,58.021302223205566,164.42347025871277,1.0,-1,-1,-1,
18,-1,613.3489215373993,516.8212498426437,55.73028802871704,145.83247876167297,1.0,-1,-1,-1,
18,-1,429.4673752784729,567.7822198569775,81.37082576751709,73.50242811441422,0.9997697472572327,-1,-1,-1,
18,-1,683.5724008083344,451.00168973207474,56.73287630081177,149.6803468465805,0.9999933242797852,-1,-1,-1,
18,-1,1724.1482573747635,105.06731021404266,55.627816915512085,98.53244805335999,0.9999991655349731,-1,-1,-1,
18,-1,253.87513160705566,533.1547504663467,56.80177688598633,130.35139918327332,0.999998927116394,-1,-1,-1,
19,-1,1424.0009969472885,311.38031870126724,53.57263684272766,146.56823337078094,1.0,-1,-1,-1,
19,-1,952.055389881134,448.1165088415146,46.18447780609131,154.82854342460632,1.0,-1,-1,-1,
19,-1,1702.2128748893738,433.3432170152664,51.36679172515869,156.21405673027039,1.0,-1,-1,-1,
19,-1,1313.5473310947418,535.9775329828262,56.88704252243042,194.108571767807,0.9999998807907104,-1,-1,-1,
19,-1,1228.9080154895782,563.6235773563385,48.15488576889038,223.53896856307983,1.0,-1,-1,-1,
19,-1,1045.1581478118896,629.5028579235077,58.75642776489258,217.64188528060913,1.0,-1,-1,-1,
19,-1,527.612042427063,793.4683592319489,64.10983085632324,229.65010499954224,0.9999973773956299,-1,-1,-1,
19,-1,612.1728497743607,512.2086721658707,54.11087393760681,151.51763319969177,1.0,-1,-1,-1,
19,-1,421.49529218673706,561.7429068088531,78.12422275543213,86.6536374092102,0.9999078512191772,-1,-1,-1,
19,-1,661.698671579361,451.18074971437454,50.80542325973511,120.42138183116913,0.999998927116394,-1,-1,-1,
19,-1,218.72544944286346,546.1581126451492,59.37832474708557,125.64531970024109,0.9999922513961792,-1,-1,-1,
20,-1,1430.4474753141403,304.0066664814949,46.35457634925842,154.0092648267746,1.0,-1,-1,-1,
20,-1,967.9825204610825,431.2408844232559,47.959595918655396,166.30402493476868,1.0,-1,-1,-1,
20,-1,1251.5337735414505,572.1491396427155,46.270984411239624,205.89677095413208,0.9999998807907104,-1,-1,-1,
20,-1,1718.542617559433,426.4655926823616,41.11941576004028,161.01662814617157,1.0,-1,-1,-1,
20,-1,1027.8035974502563,649.7069760560989,71.88403129577637,179.98585295677185,1.0,-1,-1,-1,
20,-1,532.5185894966125,787.8436156511307,60.142836570739746,242.58191657066345,0.999991774559021,-1,-1,-1,
20,-1,426.8489956855774,544.0855654478073,60.02004146575928,99.3256266117096,0.9999996423721313,-1,-1,-1,
20,-1,613.4125077724457,514.9253502488136,60.15488862991333,147.47318923473358,1.0,-1,-1,-1,
20,-1,1293.685582280159,543.0857366323471,45.04987120628357,144.3314802646637,0.9999986886978149,-1,-1,-1,
20,-1,688.3014643192291,465.3197822570801,57.27402448654175,97.24417018890381,0.9999401569366455,-1,-1,-1,
20,-1,652.3987680673599,460.6610925793648,42.905863523483276,104.71249902248383,0.9999980926513672,-1,-1,-1,
20,-1,215.2591359615326,521.8672124147415,48.982107639312744,149.98372721672058,0.9999969005584717,-1,-1,-1,
21,-1,1027.6006507873535,626.4791575670242,50.49236297607422,220.11761355400085,1.0,-1,-1,-1,
21,-1,1719.8495507240295,426.5304468870163,47.97278881072998,165.0967218875885,1.0,-1,-1,-1,
21,-1,1430.0636851787567,302.59860008955,56.99932336807251,155.2366715669632,1.0,-1,-1,-1,
21,-1,979.800369143486,427.1678330898285,55.18540978431702,172.037362575531,1.0,-1,-1,-1,
21,-1,428.28734278678894,536.3026295900345,50.51292657852173,110.28972887992859,0.9999998807907104,-1,-1,-1,
21,-1,534.5337384939194,792.0416536331177,50.25877118110657,232.0856065750122,0.999998927116394,-1,-1,-1,
21,-1,616.0164177417755,514.00958776474,56.22331380844116,149.23004150390625,1.0,-1,-1,-1,
21,-1,1252.5905030965805,576.1389663219452,59.47452664375305,207.61684370040894,0.9999973773956299,-1,-1,-1,
21,-1,197.9399710893631,526.5863805413246,56.80838942527771,161.53241050243378,0.9999954700469971,-1,-1,-1,
21,-1,1785.320833325386,75.06345123052597,38.86127829551697,117.97888934612274,1.0,-1,-1,-1,
21,-1,691.1949652433395,463.1253849864006,58.4052050113678,96.59931671619415,0.9992068409919739,-1,-1,-1,
21,-1,655.1159566640854,455.9339663386345,40.03679394721985,105.96968472003937,0.9999880790710449,-1,-1,-1,
22,-1,1433.4980231523514,300.988761305809,53.469117879867554,158.90683150291443,1.0,-1,-1,-1,
22,-1,991.9098669290543,424.98855543136597,56.40937685966492,168.07602739334106,1.0,-1,-1,-1,
22,-1,1719.9685728549957,426.82100093364716,60.08589506149292,170.22241044044495,1.0,-1,-1,-1,
22,-1,1016.864207983017,644.6937761306763,66.2370228767395,191.6473274230957,1.0,-1,-1,-1,
22,-1,424.3531823158264,535.9689359664917,54.091830253601074,116.78017044067383,0.9999997615814209,-1,-1,-1,
22,-1,624.0832829475403,511.8156153559685,63.66464138031006,157.85926687717438,0.9999996423721313,-1,-1,-1,
22,-1,178.36690306663513,527.2342064380646,56.33476495742798,162.54131269454956,0.9999991655349731,-1,-1,-1,
22,-1,1809.2095184326172,70.92749136686325,40.04791259765625,119.17822623252869,1.0,-1,-1,-1,
22,-1,524.396002292633,808.5390833616257,63.147196769714355,203.359708070755,1.0,-1,-1,-1,
22,-1,1270.3780549764633,577.3112214803696,50.11921048164368,207.65838360786438,0.9999970197677612,-1,-1,-1,
22,-1,337.5153458118439,327.0369998216629,49.58699941635132,77.46327567100525,0.9999970197677612,-1,-1,-1,
22,-1,693.3341699838638,453.4782001376152,59.229716062545776,108.31801235675812,0.9999866485595703,-1,-1,-1,
22,-1,657.8040486574173,453.28742587566376,38.126453161239624,109.75251030921936,0.9999861717224121,-1,-1,-1,
22,-1,1257.3498129844666,592.8021597862244,41.72165393829346,172.1691083908081,0.9990376234054565,-1,-1,-1,
22,-1,1248.5878264904022,533.169202208519,49.230215549468994,159.79220509529114,0.999991774559021,-1,-1,-1,
22,-1,619.615091085434,444.2921658754349,45.512287616729736,134.4638307094574,0.9999940395355225,-1,-1,-1,
23,-1,1726.8887346982956,428.2289482355118,45.03844857215881,160.11054253578186,1.0,-1,-1,-1,
23,-1,1431.4608120918274,296.6938194036484,47.16420650482178,162.51649689674377,1.0,-1,-1,-1,
23,-1,1009.1595339775085,414.3172570466995,53.051934242248535,183.49443984031677,1.0,-1,-1,-1,
23,-1,639.1391909122467,506.19564986228943,63.77655744552612,170.34301328659058,1.0,-1,-1,-1,
23,-1,1011.7513650655746,621.0302617549896,52.82859921455383,225.58888864517212,1.0,-1,-1,-1,
23,-1,169.6751618385315,516.2516194581985,53.3219575881958,192.48822569847107,1.0,-1,-1,-1,
23,-1,1277.2170460224152,571.3752408027649,50.70972204208374,219.90666961669922,0.9999974966049194,-1,-1,-1,
23,-1,424.51494097709656,537.397397339344,48.86497735977173,114.06177842617035,0.9999997615814209,-1,-1,-1,
23,-1,618.6639440059662,422.5204714536667,40.944664478302,212.89990496635437,0.9999996423721313,-1,-1,-1,
23,-1,518.366956114769,787.4253970384598,51.817227602005005,239.15351271629333,0.9999961853027344,-1,-1,-1,
23,-1,1236.0297882556915,526.0199414491653,50.03194570541382,175.43805384635925,0.9999996423721313,-1,-1,-1,
23,-1,331.11455976963043,323.1838225722313,52.10862994194031,82.53175270557404,0.9999992847442627,-1,-1,-1,
23,-1,1829.5915693044662,69.43619549274445,43.34905743598938,115.863077044487,1.0,-1,-1,-1,
23,-1,689.4023859500885,434.9224737882614,70.85266828536987,132.67774987220764,0.9999167919158936,-1,-1,-1,
24,-1,1022.2655260562897,410.0491329431534,47.06669569015503,188.77817702293396,1.0,-1,-1,-1,
24,-1,1719.8341459035873,421.4979672431946,52.22601056098938,178.44238758087158,1.0,-1,-1,-1,
24,-1,1429.225755929947,301.37512814998627,51.253230571746826,155.13985133171082,1.0,-1,-1,-1,
24,-1,513.7046313285828,780.3639217615128,49.12008762359619,246.94138598442078,0.9999997615814209,-1,-1,-1,
24,-1,993.8826441764832,631.6216667890549,65.68426609039307,200.08973908424377,0.9999998807907104,-1,-1,-1,
24,-1,653.1589132547379,498.59246599674225,54.23225283622742,183.66415286064148,0.9999996423721313,-1,-1,-1,
24,-1,1275.0413846969604,586.866314291954,71.7202091217041,193.63894486427307,1.0,-1,-1,-1,
24,-1,424.188557267189,540.5675286054611,51.85777544975281,112.74261116981506,0.9999998807907104,-1,-1,-1,
24,-1,627.5828737020493,418.9503504037857,43.54995846748352,223.85296082496643,0.9999994039535522,-1,-1,-1,
24,-1,164.5792829990387,510.37616550922394,51.429011821746826,200.38756728172302,1.0,-1,-1,-1,
24,-1,1852.7671694755554,54.89755296707153,43.70142459869385,124.33507454395294,1.0,-1,-1,-1,
24,-1,1218.54252576828,532.5025327205658,61.27577304840088,164.3770251274109,0.9999996423721313,-1,-1,-1,
24,-1,324.0992045402527,322.39517426490784,51.75600528717041,82.92709636688232,0.9999996423721313,-1,-1,-1,
24,-1,682.3967957496643,402.6742318868637,64.33932781219482,160.2904908657074,0.999975323677063,-1,-1,-1,
25,-1,1037.202912569046,413.01575696468353,53.645474910736084,180.85322785377502,1.0,-1,-1,-1,
25,-1,1431.9912564754486,295.8097332715988,47.085678577423096,165.42722582817078,1.0,-1,-1,-1,
25,-1,1719.1502398252487,421.2750338315964,53.42101693153381,184.32095074653625,1.0,-1,-1,-1,
25,-1,980.9316945075989,629.8949249982834,70.91836452484131,202.07152676582336,1.0,-1,-1,-1,
25,-1,1285.692687034607,583.8904012441635,69.01791572570801,204.5379660129547,1.0,-1,-1,-1,
25,-1,1208.7093544006348,510.51097869873047,57.11711883544922,217.93755054473877,0.9999998807907104,-1,-1,-1,
25,-1,672.9684340953827,500.47137916088104,48.48703622817993,174.38698410987854,0.9999880790710449,-1,-1,-1,
25,-1,154.00723278522491,511.7692458629608,48.15677046775818,207.8692889213562,1.0,-1,-1,-1,
25,-1,415.6320869922638,550.151190161705,68.44257116317749,109.32710766792297,0.999996542930603,-1,-1,-1,
25,-1,511.3497716188431,781.1426968574524,44.72854971885681,249.9764642715454,0.9998892545700073,-1,-1,-1,
25,-1,318.5950970649719,322.4721804857254,49.55825328826904,80.98615336418152,0.9999982118606567,-1,-1,-1,
25,-1,691.1594742536545,369.96967220306396,46.955305337905884,192.19474267959595,0.9999668598175049,-1,-1,-1,
25,-1,1874.7159415483475,63.514304459095,39.358781576156616,107.7908456325531,0.9999978542327881,-1,-1,-1,
25,-1,635.7130068540573,440.2594281435013,48.20113778114319,188.55176424980164,0.9999971389770508,-1,-1,-1,
26,-1,1723.2762426137924,416.24635541439056,48.12799572944641,191.4225561618805,1.0,-1,-1,-1,
26,-1,1425.2727162837982,294.1043150424957,56.766579151153564,166.94716930389404,1.0,-1,-1,-1,
26,-1,1060.0097358226776,390.1923362016678,45.4659104347229,222.71332669258118,1.0,-1,-1,-1,
26,-1,421.0986614227295,552.2266534566879,65.76370239257812,107.38649296760559,0.9999994039535522,-1,-1,-1,
26,-1,975.3238141536713,627.0417487621307,63.052475452423096,200.64663648605347,1.0,-1,-1,-1,
26,-1,145.7642662525177,513.9864842891693,54.48572874069214,206.5668168067932,0.9999998807907104,-1,-1,-1,
26,-1,1188.5391068458557,533.0427124500275,75.70285320281982,185.39308977127075,1.0,-1,-1,-1,
26,-1,511.61511182785034,786.0154670476913,49.496827125549316,238.22403073310852,0.9999988079071045,-1,-1,-1,
26,-1,691.2442302703857,483.3146345615387,48.3445930480957,220.1837182044983,0.9999990463256836,-1,-1,-1,
26,-1,1291.0700333118439,585.8441061973572,67.646005153656,204.55486392974854,1.0,-1,-1,-1,
26,-1,645.785248875618,451.55891382694244,50.95982909202576,165.0502188205719,0.9999985694885254,-1,-1,-1,
26,-1,313.5327136516571,322.3801335096359,48.76077890396118,82.61696648597717,0.9999997615814209,-1,-1,-1,
26,-1,694.0191346406937,398.34133887290955,46.98858618736267,139.46242761611938,0.9999910593032837,-1,-1,-1,
27,-1,1428.9788460731506,297.58228611946106,62.39120006561279,162.13356113433838,1.0,-1,-1,-1,
27,-1,1709.1093063354492,430.9701443910599,66.54441833496094,164.3334767818451,1.0,-1,-1,-1,
27,-1,972.4168968200684,626.0645052194595,65.7864761352539,200.85391116142273,1.0,-1,-1,-1,
27,-1,1307.0517414808273,576.2711466550827,53.77340912818909,230.28073525428772,0.9999998807907104,-1,-1,-1,
27,-1,1078.6664843559265,381.57058131694794,49.70957279205322,229.52583289146423,0.999998927116394,-1,-1,-1,
27,-1,429.79803800582886,536.3118558526039,64.8004961013794,127.26266276836395,0.9999997615814209,-1,-1,-1,
27,-1,141.23621106147766,516.7080627679825,54.57745313644409,202.1707513332367,0.9999997615814209,-1,-1,-1,
27,-1,499.8145079612732,799.2334617376328,59.915242195129395,213.9807150363922,0.9999996423721313,-1,-1,-1,
27,-1,658.2103461027145,439.0670403242111,54.23669457435608,195.12851071357727,0.9999834299087524,-1,-1,-1,
27,-1,1175.3488147258759,525.9472643136978,72.95593500137329,188.066880941391,0.9999997615814209,-1,-1,-1,
27,-1,718.5823345184326,484.47332310676575,48.655757904052734,211.99307584762573,0.9999957084655762,-1,-1,-1,
27,-1,312.52973556518555,320.37397903203964,46.58317565917969,81.99171459674835,0.9999990463256836,-1,-1,-1,
27,-1,697.7390313148499,399.4061409831047,46.97383403778076,141.43576633930206,0.9999923706054688,-1,-1,-1,
28,-1,1433.7799268960953,289.15106892585754,53.293036222457886,181.44983053207397,1.0,-1,-1,-1,
28,-1,1311.5547788143158,574.3273487091064,50.90205430984497,234.6780366897583,1.0,-1,-1,-1,
28,-1,1707.752730846405,429.3625377416611,70.80458164215088,173.06577944755554,1.0,-1,-1,-1,
28,-1,715.1475298404694,503.2914000749588,94.24553632736206,173.86459708213806,0.9999998807907104,-1,-1,-1,
28,-1,1084.7048127651215,407.56353306770325,71.3522458076477,189.6310486793518,1.0,-1,-1,-1,
28,-1,961.9104874134064,598.867150425911,53.626534938812256,232.3162486553192,1.0,-1,-1,-1,
28,-1,437.2564995288849,529.6105202436447,55.502164363861084,130.16442131996155,0.9999997615814209,-1,-1,-1,
28,-1,128.09838116168976,512.4937094449997,58.55023741722107,206.4876959323883,0.9999995231628418,-1,-1,-1,
28,-1,1174.40079331398,507.0276678800583,58.712146282196045,220.48341965675354,0.9999997615814209,-1,-1,-1,
28,-1,500.8054304122925,798.3271250724792,62.205820083618164,213.53350925445557,0.9999997615814209,-1,-1,-1,
28,-1,662.3263871669769,445.1276729106903,57.06578493118286,202.28104162216187,0.999998927116394,-1,-1,-1,
28,-1,311.02698147296906,319.31149595975876,48.04808020591736,81.54375565052032,0.9999990463256836,-1,-1,-1,
28,-1,693.9912539720535,403.7242040634155,54.53805327415466,95.53023862838745,0.9999939203262329,-1,-1,-1,
29,-1,1437.7140748500824,283.1728563308716,50.47501802444458,200.4981665611267,1.0,-1,-1,-1,
29,-1,1312.8080677986145,580.4522867202759,50.29038906097412,225.90224361419678,1.0,-1,-1,-1,
29,-1,944.6541899442673,609.771855711937,58.77954125404358,212.3176510334015,1.0,-1,-1,-1,
29,-1,1718.3492571115494,421.9994008541107,55.19098162651062,188.53208541870117,1.0,-1,-1,-1,
29,-1,440.69831907749176,524.1134460568428,57.88091540336609,137.73431146144867,1.0,-1,-1,-1,
29,-1,510.1816749572754,792.9462232589722,62.295799255371094,213.74315929412842,1.0,-1,-1,-1,
29,-1,1149.7038102149963,516.9068176746368,76.29909038543701,204.8343071937561,0.9999998807907104,-1,-1,-1,
29,-1,1122.7399545907974,403.1702227592468,38.874109983444214,183.42223262786865,1.0,-1,-1,-1,
29,-1,763.2138347625732,496.92467218637466,46.02853775024414,152.89852130413055,0.9999997615814209,-1,-1,-1,
29,-1,125.71368277072906,523.1631989479065,59.496763944625854,188.18995571136475,0.9999996423721313,-1,-1,-1,
29,-1,310.8747375011444,318.95877689123154,49.616453647613525,79.61916983127594,0.9999973773956299,-1,-1,-1,
29,-1,693.8955241441727,410.377934217453,54.706281423568726,83.92525148391724,0.9999954700469971,-1,-1,-1,
29,-1,695.514360666275,454.5961164236069,51.48096799850464,182.8018763065338,0.9999959468841553,-1,-1,-1,
29,-1,668.2662802934647,445.44414031505585,53.91909956932068,199.4989492893219,0.9999819993972778,-1,-1,-1,
30,-1,1434.197791814804,291.97450482845306,52.14785814285278,187.4041349887848,1.0,-1,-1,-1,
30,-1,1713.755938410759,423.6304006576538,58.35093140602112,198.013689994812,1.0,-1,-1,-1,
30,-1,442.716788649559,520.9187580943108,59.255772829055786,145.0868364572525,1.0,-1,-1,-1,
30,-1,780.6177341938019,464.20965027809143,50.64563512802124,256.1634192466736,0.9999995231628418,-1,-1,-1,
30,-1,1313.4832924604416,576.0475244522095,49.492231607437134,230.59588623046875,1.0,-1,-1,-1,
30,-1,937.764687538147,609.6260025501251,60.04511833190918,208.1065936088562,1.0,-1,-1,-1,
30,-1,1138.3571541309357,410.2301900982857,48.99751424789429,157.72448909282684,1.0,-1,-1,-1,
30,-1,528.672981262207,795.2074799537659,64.3783950805664,205.5507402420044,1.0,-1,-1,-1,
30,-1,1141.7987912893295,520.9623756408691,58.11262249946594,186.33802127838135,0.9999990463256836,-1,-1,-1,
30,-1,315.0420606136322,317.4040277302265,50.80758333206177,79.46682304143906,0.9999879598617554,-1,-1,-1,
30,-1,692.7731734514236,446.32302832603455,50.0364625453949,199.49417924880981,0.9999898672103882,-1,-1,-1,
30,-1,117.36326694488525,521.3681734800339,71.81273460388184,190.9300253391266,1.0,-1,-1,-1,
30,-1,731.0069096088409,439.46815824508667,45.715177059173584,187.4242000579834,0.9999923706054688,-1,-1,-1,
31,-1,1431.986362338066,295.69113886356354,56.145912408828735,184.95526957511902,1.0,-1,-1,-1,
31,-1,1714.7424620389938,436.02768445014954,59.96904015541077,177.2088975906372,1.0,-1,-1,-1,
31,-1,444.397931098938,521.9512787461281,60.90622901916504,145.62697112560272,1.0,-1,-1,-1,
31,-1,785.8402025699615,503.10975551605225,79.09298658370972,182.2051191329956,1.0,-1,-1,-1,
31,-1,1316.3471800088882,579.8751826286316,51.83574557304382,198.72653102874756,0.9999997615814209,-1,-1,-1,
31,-1,547.2452008724213,778.4279129505157,48.87347459793091,242.30032968521118,0.9999996423721313,-1,-1,-1,
31,-1,1157.8642451763153,410.8974952697754,56.38683557510376,160.02740478515625,1.0,-1,-1,-1,
31,-1,708.4896594285965,438.7873170375824,43.96222472190857,214.90909624099731,0.999998927116394,-1,-1,-1,
31,-1,932.9959380626678,609.2920868396759,59.722158908843994,200.8404507637024,1.0,-1,-1,-1,
31,-1,321.5738385915756,317.2354838848114,49.86892819404602,82.36492681503296,0.9999992847442627,-1,-1,-1,
31,-1,755.9691274166107,421.55923104286194,42.17238664627075,218.6436324119568,0.9999953508377075,-1,-1,-1,
31,-1,1137.4247932434082,502.81415462493896,61.999168395996094,217.01907634735107,0.9999998807907104,-1,-1,-1,
31,-1,123.233882188797,526.9012659788132,60.4338812828064,179.0365183353424,0.9999992847442627,-1,-1,-1,
32,-1,1427.805941104889,302.2787160873413,55.85937023162842,171.2976393699646,1.0,-1,-1,-1,
32,-1,1710.5999529361725,443.09940791130066,61.32580518722534,164.90439462661743,1.0,-1,-1,-1,
32,-1,1179.4119822978973,404.6900053024292,46.785242557525635,172.15528106689453,1.0,-1,-1,-1,
32,-1,452.5434458255768,525.1230772733688,60.189406871795654,146.41500306129456,1.0,-1,-1,-1,
32,-1,1316.9486045837402,574.514172077179,51.93408966064453,208.25842380523682,0.9999997615814209,-1,-1,-1,
32,-1,1113.053880929947,514.3667550086975,71.09728574752808,199.86361598968506,1.0,-1,-1,-1,
32,-1,568.0786961317062,777.6137262582779,50.76086640357971,215.05225539207458,0.9999997615814209,-1,-1,-1,
32,-1,918.7173914909363,594.3134289979935,73.74685764312744,211.7000949382782,1.0,-1,-1,-1,
32,-1,830.4473876953125,476.3723040819168,43.26850891113281,231.07696509361267,0.9999990463256836,-1,-1,-1,
32,-1,725.3504651784897,443.9801208972931,44.20770764350891,213.37773942947388,0.9999902248382568,-1,-1,-1,
32,-1,767.3779499530792,422.6542772054672,47.41473913192749,219.28994393348694,0.9999946355819702,-1,-1,-1,
32,-1,326.1563569307327,316.29502791166306,47.072471380233765,82.37316334247589,0.9999994039535522,-1,-1,-1,
32,-1,124.224573969841,519.1795488595963,58.851696252822876,196.69142317771912,0.9999994039535522,-1,-1,-1,
33,-1,1424.9980133771896,301.11235749721527,56.32263779640198,177.51732802391052,1.0,-1,-1,-1,
33,-1,842.3542481660843,468.5256839990616,52.0788037776947,247.69215559959412,1.0,-1,-1,-1,
33,-1,1708.62233877182,441.1953023672104,57.84946918487549,180.88161635398865,1.0,-1,-1,-1,
33,-1,575.4622006416321,781.6484498977661,60.43466091156006,210.8802080154419,1.0,-1,-1,-1,
33,-1,1191.2785917520523,395.8770271539688,48.18027377128601,199.46055722236633,1.0,-1,-1,-1,
33,-1,451.70790910720825,529.0260438323021,64.19358730316162,138.94831573963165,0.9999998807907104,-1,-1,-1,
33,-1,1098.267862200737,509.0099641084671,53.344799280166626,207.04260420799255,1.0,-1,-1,-1,
33,-1,900.703843832016,593.3759068250656,77.80682802200317,197.05019974708557,1.0,-1,-1,-1,
33,-1,1309.170902967453,583.5871946811676,57.77071237564087,205.81990957260132,1.0,-1,-1,-1,
33,-1,784.9316042661667,429.66365218162537,44.56191658973694,206.13102436065674,0.9999996423721313,-1,-1,-1,
33,-1,702.9748928546906,407.2858021259308,42.74451971054077,202.34457778930664,0.9999940395355225,-1,-1,-1,
33,-1,745.2809357643127,447.9998070001602,43.44024181365967,200.31843066215515,0.9999938011169434,-1,-1,-1,
33,-1,1900.3893426060677,268.27641570568085,19.39328134059906,192.70699095726013,0.999975323677063,-1,-1,-1,
33,-1,116.60512983798981,515.965883731842,53.595160245895386,198.76585006713867,0.9999953508377075,-1,-1,-1,
33,-1,325.9025305509567,316.2692642211914,43.30175042152405,82.29864835739136,0.999996542930603,-1,-1,-1,
34,-1,1428.5861903429031,283.49880588054657,45.514386892318726,228.41018414497375,1.0,-1,-1,-1,
34,-1,1708.2182389497757,438.55551624298096,59.328521490097046,194.43975162506104,1.0,-1,-1,-1,
34,-1,798.7200629711151,426.2032034397125,49.67298746109009,204.15402603149414,1.0,-1,-1,-1,
34,-1,1308.8552820682526,581.4356907606125,60.72716474533081,203.00660920143127,1.0,-1,-1,-1,
34,-1,1199.6361029148102,384.02247869968414,60.689799785614014,239.39545226097107,0.9999998807907104,-1,-1,-1,
34,-1,1055.6813192367554,514.4221801757812,86.55278205871582,197.5195369720459,1.0,-1,-1,-1,
34,-1,1878.144178390503,283.91097182035446,42.967472076416016,157.7628232240677,0.9999998807907104,-1,-1,-1,
34,-1,602.10782289505,776.0767529010773,63.692450523376465,207.50954675674438,1.0,-1,-1,-1,
34,-1,892.4542951583862,586.3707515001297,75.81204414367676,203.8078601360321,1.0,-1,-1,-1,
34,-1,698.6654555797577,403.90067303180695,47.22349405288696,211.7348177433014,0.9999964237213135,-1,-1,-1,
34,-1,421.12905621528625,520.1772775053978,104.07397985458374,156.2307711839676,0.9999998807907104,-1,-1,-1,
34,-1,756.7107206583023,441.3448473215103,49.392088651657104,209.49598860740662,0.9999978542327881,-1,-1,-1,
34,-1,852.8278470039368,510.7835533618927,75.5121374130249,174.65682935714722,0.9999994039535522,-1,-1,-1,
34,-1,321.8249434232712,318.49778562784195,44.76836800575256,81.02420747280121,0.9999995231628418,-1,-1,-1,
34,-1,115.6323230266571,522.1406013965607,51.676132678985596,211.03806352615356,0.9998445510864258,-1,-1,-1,
35,-1,1425.1512658596039,288.04721331596375,45.538837909698486,221.0834984779358,1.0,-1,-1,-1,
35,-1,1708.4379816055298,433.8378850221634,61.94735527038574,200.36250042915344,1.0,-1,-1,-1,
35,-1,465.92855393886566,512.7475081086159,54.61444973945618,154.60553920269012,1.0,-1,-1,-1,
35,-1,1308.2784390449524,577.5382747650146,59.50528621673584,205.35908889770508,1.0,-1,-1,-1,
35,-1,612.9780507087708,777.801563501358,72.72023677825928,202.9839949607849,0.9999997615814209,-1,-1,-1,
35,-1,1211.9943988323212,385.66835832595825,55.719759464263916,236.33105850219727,0.9999998807907104,-1,-1,-1,
35,-1,694.9761754274368,392.43553948402405,48.08956503868103,230.56548929214478,0.9999966621398926,-1,-1,-1,
35,-1,898.1742703914642,572.785212635994,58.919899463653564,215.34054350852966,1.0,-1,-1,-1,
35,-1,814.043333530426,418.9850925207138,53.550753593444824,222.40441346168518,0.9999998807907104,-1,-1,-1,
35,-1,1850.468180179596,292.60204035043716,58.51325511932373,151.30691134929657,1.0,-1,-1,-1,
35,-1,1052.966626882553,511.44729709625244,70.02118349075317,198.55017471313477,1.0,-1,-1,-1,
35,-1,113.9845883846283,516.7095111608505,54.59649324417114,204.32499432563782,0.9999978542327881,-1,-1,-1,
35,-1,768.8967579603195,438.78984689712524,46.64145112037659,223.92964839935303,0.9999841451644897,-1,-1,-1,
35,-1,888.2049769163132,500.8093712925911,47.373844385147095,144.33759248256683,1.0,-1,-1,-1,
35,-1,317.47033953666687,317.8555988073349,46.01825952529907,82.82704138755798,0.9999995231628418,-1,-1,-1,
36,-1,1425.9919720888138,285.3926568031311,43.160938024520874,231.55024194717407,1.0,-1,-1,-1,
36,-1,1843.6798310279846,274.12215507030487,50.2296781539917,177.60477232933044,1.0,-1,-1,-1,
36,-1,1715.6641656160355,433.0448577404022,59.63510870933533,200.42632627487183,0.9999998807907104,-1,-1,-1,
36,-1,1309.7139072418213,566.1822341680527,52.983455657958984,220.44309639930725,1.0,-1,-1,-1,
36,-1,893.904801607132,581.5471462011337,75.25089025497437,194.67630314826965,1.0,-1,-1,-1,
36,-1,827.9361802339554,420.411762714386,52.43437170982361,215.5317506790161,1.0,-1,-1,-1,
36,-1,782.6664751768112,420.0951569080353,46.227489709854126,255.34135007858276,0.9999994039535522,-1,-1,-1,
36,-1,645.8563935756683,778.4885652065277,48.56957674026489,202.83475255966187,1.0,-1,-1,-1,
36,-1,1223.8232785463333,381.4850842952728,54.558337926864624,238.72778177261353,0.9999998807907104,-1,-1,-1,
36,-1,474.78556752204895,488.60286819934845,61.75859212875366,192.98021578788757,1.0,-1,-1,-1,
36,-1,1029.982509613037,518.6099345684052,70.84453582763672,181.42866468429565,1.0,-1,-1,-1,
36,-1,911.9163930416107,508.31662809848785,43.45435380935669,127.85151171684265,1.0,-1,-1,-1,
36,-1,695.8441990613937,418.2896611690521,51.05017304420471,191.6131453514099,0.9999892711639404,-1,-1,-1,
36,-1,318.0048483610153,317.8724758028984,49.67622399330139,83.49842941761017,0.9999994039535522,-1,-1,-1,
36,-1,115.9597384929657,535.6944204568863,49.81744050979614,183.27652430534363,0.9998435974121094,-1,-1,-1,
36,-1,807.2288328409195,450.58894443511963,45.47294497489929,168.04439449310303,0.9999997615814209,-1,-1,-1,
37,-1,1425.3293144702911,295.78728318214417,46.466310024261475,214.95173692703247,1.0,-1,-1,-1,
37,-1,1726.8647468090057,442.72344052791595,51.73063516616821,183.68045210838318,1.0,-1,-1,-1,
37,-1,694.4961529970169,391.3384333848953,53.741687536239624,242.53641772270203,0.9999995231628418,-1,-1,-1,
37,-1,1822.063593864441,285.3172245025635,60.32464027404785,167.6255578994751,1.0,-1,-1,-1,
37,-1,883.0489003658295,573.0596476793289,66.58171892166138,205.36888003349304,1.0,-1,-1,-1,
37,-1,1303.3949464559555,570.9654486179352,57.385979890823364,204.61098432540894,1.0,-1,-1,-1,
37,-1,673.9612126350403,748.4703751802444,45.84458827972412,239.9161012172699,0.9999996423721313,-1,-1,-1,
37,-1,1017.8373420238495,515.3212201595306,72.92417764663696,188.84358644485474,0.9999998807907104,-1,-1,-1,
37,-1,1230.2903509140015,410.64427757263184,73.49690437316895,188.49612665176392,0.9999998807907104,-1,-1,-1,
37,-1,490.30426025390625,494.6261547803879,63.35735321044922,184.6457769870758,1.0,-1,-1,-1,
37,-1,806.6089046001434,440.5680195093155,41.670076847076416,215.27109789848328,0.9999926090240479,-1,-1,-1,
37,-1,840.3359001874924,432.06954860687256,51.77979111671448,198.0949158668518,0.9999960660934448,-1,-1,-1,
37,-1,321.7251455783844,318.4413465857506,48.03938627243042,81.45013153553009,0.9999991655349731,-1,-1,-1,
37,-1,936.4574038982391,508.2495707273483,39.01630640029907,129.89621758460999,0.9999998807907104,-1,-1,-1,
37,-1,115.39017856121063,534.3792089223862,51.45063042640686,185.83678078651428,0.9999927282333374,-1,-1,-1,
38,-1,1427.5770860910416,301.0920799970627,50.79164385795593,210.63415503501892,1.0,-1,-1,-1,
38,-1,1244.5477044582367,410.1254085302353,68.49934816360474,193.2798593044281,1.0,-1,-1,-1,
38,-1,1741.1304599046707,447.8913996219635,52.434056997299194,194.24226808547974,0.9999998807907104,-1,-1,-1,
38,-1,956.2121897935867,463.99735128879547,50.55550932884216,253.68440794944763,1.0,-1,-1,-1,
38,-1,695.6933104991913,403.3606059551239,52.98490762710571,226.234215259552,0.9999996423721313,-1,-1,-1,
38,-1,1810.6596851348877,288.6557958126068,49.401912689208984,177.33759212493896,0.9999998807907104,-1,-1,-1,
38,-1,814.3699765205383,447.20692777633667,57.706618309020996,214.92813777923584,0.9999996423721313,-1,-1,-1,
38,-1,870.9895884990692,577.7036747932434,69.03255701065063,192.36997890472412,1.0,-1,-1,-1,
38,-1,1302.0083266496658,558.8820251226425,58.45244765281677,226.71235871315002,1.0,-1,-1,-1,
38,-1,1012.6297795772552,513.0105282068253,69.23972368240356,198.9353892803192,0.9999998807907104,-1,-1,-1,
38,-1,697.4187254905701,756.47807264328,59.38068866729736,225.08040618896484,0.9999998807907104,-1,-1,-1,
38,-1,528.3630555868149,465.88890731334686,43.27564358711243,237.6635992527008,1.0,-1,-1,-1,
38,-1,126.17028951644897,518.7878551483154,51.886610984802246,195.22033882141113,0.9999997615814209,-1,-1,-1,
38,-1,325.9800052642822,319.6964039504528,49.460906982421875,79.43002420663834,0.9999979734420776,-1,-1,-1,
38,-1,865.4598212242126,416.83860647678375,47.99519062042236,192.15926671028137,0.9999973773956299,-1,-1,-1,
39,-1,1437.0648604631424,307.3360404968262,53.75876784324646,205.51887559890747,1.0,-1,-1,-1,
39,-1,1764.7750461101532,442.03659653663635,47.10075616836548,205.85389852523804,0.9999995231628418,-1,-1,-1,
39,-1,1795.2591705322266,297.87111496925354,58.44268798828125,162.07558679580688,1.0,-1,-1,-1,
39,-1,1264.2862164974213,405.72453117370605,65.3980565071106,195.130229473114,0.9999998807907104,-1,-1,-1,
39,-1,736.7663598060608,744.6127610206604,53.03908824920654,233.51947689056396,0.9999998807907104,-1,-1,-1,
39,-1,128.0390989780426,518.546440243721,54.33821439743042,198.65814757347107,1.0,-1,-1,-1,
39,-1,697.5392836332321,410.2590823173523,56.11695885658264,228.15567255020142,0.9999855756759644,-1,-1,-1,
39,-1,552.2459721565247,468.1248074769974,52.86759853363037,219.90804076194763,0.9999992847442627,-1,-1,-1,
39,-1,875.3776395320892,545.5487447977066,74.1981053352356,219.7404134273529,1.0,-1,-1,-1,
39,-1,980.6973266601562,511.65654158592224,75.43670654296875,189.37721300125122,1.0,-1,-1,-1,
39,-1,1300.9107899665833,564.3400908708572,61.186537742614746,210.1544473171234,0.9999998807907104,-1,-1,-1,
39,-1,334.6624106168747,317.2456274628639,44.9139940738678,81.3713196516037,0.999998927116394,-1,-1,-1,
39,-1,849.3593394756317,437.85954093933105,44.577906131744385,217.3387269973755,0.9999887943267822,-1,-1,-1,
39,-1,882.108496427536,413.01725363731384,50.07679224014282,199.96535110473633,0.9999974966049194,-1,-1,-1,
40,-1,1448.9184844493866,307.77936458587646,46.24033212661743,210.36709070205688,1.0,-1,-1,-1,
40,-1,752.4251782894135,762.9823447465897,75.87592363357544,204.98271918296814,1.0,-1,-1,-1,
40,-1,699.9360716342926,413.1165586709976,54.94887113571167,227.14645171165466,0.9999986886978149,-1,-1,-1,
40,-1,1788.0471646785736,302.97983318567276,50.28475999832153,157.57640540599823,1.0,-1,-1,-1,
40,-1,1270.8279007673264,401.01132559776306,58.872610330581665,203.7677493095398,0.9999998807907104,-1,-1,-1,
40,-1,1788.6553466320038,448.9673752784729,47.99310922622681,189.1825876235962,0.9999997615814209,-1,-1,-1,
40,-1,881.6991537809372,563.6960645914078,59.61072564125061,181.5543658733368,1.0,-1,-1,-1,
40,-1,985.2973330020905,506.10237979888916,77.05090284347534,201.11240100860596,1.0,-1,-1,-1,
40,-1,571.5870094299316,482.4719885587692,56.841888427734375,206.88065457344055,0.9999997615814209,-1,-1,-1,
40,-1,130.5583369731903,514.3278189897537,49.88793611526489,208.90890669822693,0.9999996423721313,-1,-1,-1,
40,-1,335.43272852897644,318.45092046260834,47.4496865272522,79.58997988700867,0.9999990463256836,-1,-1,-1,
40,-1,908.1671726703644,399.69539308547974,42.70824193954468,225.5813570022583,0.9999974966049194,-1,-1,-1,
40,-1,1299.8012799024582,565.0985240936279,52.89873719215393,188.85652542114258,0.9999954700469971,-1,-1,-1,
40,-1,879.2236071825027,458.51940554380417,42.93237090110779,146.79030096530914,0.9999983310699463,-1,-1,-1,
41,-1,1770.8659583330154,299.3743826150894,48.98875594139099,169.96482825279236,1.0,-1,-1,-1,
41,-1,1275.3561973571777,410.2689732313156,60.17223358154297,164.7567937374115,1.0,-1,-1,-1,
41,-1,1456.0747396945953,320.52524757385254,50.115230083465576,180.5231294631958,1.0,-1,-1,-1,
41,-1,701.8393206596375,417.03142619132996,57.107605934143066,226.6401128768921,0.9999997615814209,-1,-1,-1,
41,-1,1798.718985915184,445.37935853004456,57.64839291572571,200.9911608695984,0.9999963045120239,-1,-1,-1,
41,-1,1033.6202144622803,475.7202054262161,56.115360260009766,242.63166403770447,0.9999983310699463,-1,-1,-1,
41,-1,872.8640878200531,551.3419107198715,67.69883394241333,191.8718283176422,1.0,-1,-1,-1,
41,-1,793.2224196195602,746.2324086427689,43.75917077064514,234.6139018535614,0.9999998807907104,-1,-1,-1,
41,-1,593.6398619413376,470.05362582206726,53.70362877845764,215.66287851333618,0.9999966621398926,-1,-1,-1,
41,-1,129.91081058979034,519.8763867616653,53.00909399986267,199.51289248466492,0.9999996423721313,-1,-1,-1,
41,-1,907.4194228649139,406.15164935588837,58.52396249771118,209.7831952571869,0.9999990463256836,-1,-1,-1,
41,-1,1292.1041679382324,558.9838567972183,54.950294494628906,196.8958203792572,1.0,-1,-1,-1,
41,-1,336.4534020423889,320.87749913334846,47.31961727142334,79.1475972533226,0.9999994039535522,-1,-1,-1,
41,-1,988.8934582471848,491.35404217243195,56.78858399391174,235.8835437297821,0.9999984502792358,-1,-1,-1,
42,-1,1461.847118139267,311.43210196495056,50.014564990997314,212.83376169204712,1.0,-1,-1,-1,
42,-1,1750.700844526291,301.0588345527649,55.82487344741821,178.0525188446045,1.0,-1,-1,-1,
42,-1,1059.8866188526154,487.57910227775574,50.909364223480225,217.9020552635193,1.0,-1,-1,-1,
42,-1,871.7897164821625,549.4485812187195,74.1262936592102,190.9602870941162,1.0,-1,-1,-1,
42,-1,706.8040162324905,430.14221727848053,49.52986121177673,208.06153893470764,0.9999997615814209,-1,-1,-1,
42,-1,1282.1088141202927,397.6831376552582,52.863746881484985,188.15395832061768,1.0,-1,-1,-1,
42,-1,805.3131008148193,755.811399936676,64.5747184753418,218.02221393585205,0.9999998807907104,-1,-1,-1,
42,-1,608.480715751648,503.41858184337616,83.39844703674316,170.62950539588928,1.0,-1,-1,-1,
42,-1,1819.3508130311966,450.7080795764923,59.03778433799744,188.69349431991577,0.9999998807907104,-1,-1,-1,
42,-1,973.7351614236832,490.7145187854767,59.28596377372742,237.1050410270691,1.0,-1,-1,-1,
42,-1,131.7855441570282,520.2566092014313,52.124855518341064,198.8273777961731,0.9999991655349731,-1,-1,-1,
42,-1,1291.3321423530579,570.6875953674316,48.818793296813965,172.64170932769775,0.9999996423721313,-1,-1,-1,
42,-1,919.3260204792023,466.20163786411285,45.07465124130249,124.61027884483337,0.9999988079071045,-1,-1,-1,
42,-1,342.2746556997299,320.9050757288933,41.11625790596008,81.7879353761673,0.9999974966049194,-1,-1,-1,
43,-1,1468.647066950798,320.3916960954666,51.783167123794556,199.47797656059265,1.0,-1,-1,-1,
43,-1,1842.8610634803772,441.13315665721893,51.23137950897217,203.86096787452698,1.0,-1,-1,-1,
43,-1,1742.4213767051697,301.4524884223938,44.88708972930908,194.09669494628906,1.0,-1,-1,-1,
43,-1,1086.6661924123764,487.89248299598694,49.37963604927063,215.9328589439392,1.0,-1,-1,-1,
43,-1,833.5625624656677,755.2313185930252,70.12108325958252,219.0939280986786,1.0,-1,-1,-1,
43,-1,647.4500477313995,474.1823984384537,53.0107855796814,231.23223280906677,0.9999996423721313,-1,-1,-1,
43,-1,865.4333531856537,547.4788634777069,70.42212724685669,191.93225526809692,1.0,-1,-1,-1,
43,-1,718.559473156929,437.3116171360016,47.17586874961853,195.61743021011353,0.9999996423721313,-1,-1,-1,
43,-1,1285.7547855377197,391.8802320957184,52.80790328979492,224.58625316619873,1.0,-1,-1,-1,
43,-1,954.9073219299316,506.8573079109192,81.14261627197266,198.02450466156006,0.9999997615814209,-1,-1,-1,
43,-1,1283.130133152008,564.3520320653915,51.95704936981201,184.2863438129425,0.9999997615814209,-1,-1,-1,
43,-1,136.97061896324158,536.78198325634,55.07439851760864,183.69370007514954,0.9999946355819702,-1,-1,-1,
43,-1,343.23818027973175,321.3749713897705,42.20587134361267,83.90103435516357,0.9999992847442627,-1,-1,-1,
43,-1,946.9540965557098,430.60892486572266,53.254358768463135,156.39587831497192,0.9999939203262329,-1,-1,-1,
43,-1,933.949311375618,463.3062393665314,40.01321196556091,175.1858983039856,0.9999926090240479,-1,-1,-1,
44,-1,1475.339881181717,327.124334692955,55.07661581039429,191.6889832019806,1.0,-1,-1,-1,
44,-1,862.1017813682556,535.4175585508347,71.59290790557861,199.41057801246643,1.0,-1,-1,-1,
44,-1,1859.2411994934082,472.82228994369507,60.54576873779297,150.44159317016602,0.9999998807907104,-1,-1,-1,
44,-1,1723.1799244880676,322.40758216381073,56.49217128753662,157.52251553535461,1.0,-1,-1,-1,
44,-1,1277.1397876739502,539.0556156635284,49.984188079833984,225.97342729568481,1.0,-1,-1,-1,
44,-1,664.1771578788757,470.68744575977325,58.631272315979004,228.27225852012634,1.0,-1,-1,-1,
44,-1,1101.3167417049408,508.4401695728302,70.64471483230591,183.34425115585327,1.0,-1,-1,-1,
44,-1,1290.2024906873703,375.9355766773224,52.19183564186096,237.74256563186646,0.9999998807907104,-1,-1,-1,
44,-1,719.7282403707504,438.178386926651,57.91664242744446,192.90310335159302,0.9999983310699463,-1,-1,-1,
44,-1,883.5538583993912,731.3373616933823,48.15309405326843,260.87944436073303,0.999996542930603,-1,-1,-1,
44,-1,140.38097083568573,531.8194320201874,54.286619424819946,192.04642724990845,0.9999971389770508,-1,-1,-1,
44,-1,950.7256829738617,495.52254581451416,71.87421083450317,207.23659229278564,0.9999943971633911,-1,-1,-1,
44,-1,343.6003392934799,320.5324042439461,43.847676515579224,82.49195086956024,0.9999967813491821,-1,-1,-1,
45,-1,1487.725692987442,343.65083849430084,62.99481153488159,168.75451254844666,1.0,-1,-1,-1,
45,-1,1723.6663949489594,319.1622841358185,46.027042865753174,171.24773740768433,1.0,-1,-1,-1,
45,-1,1305.8443415164948,400.7022964954376,53.07724714279175,187.20014333724976,1.0,-1,-1,-1,
45,-1,872.6225405931473,516.1353778839111,54.614728689193726,232.09703922271729,0.9999998807907104,-1,-1,-1,
45,-1,697.4436771869659,493.9072530269623,63.018643856048584,199.39707899093628,1.0,-1,-1,-1,
45,-1,1134.7784596681595,512.1227052211761,54.14646506309509,165.70267152786255,1.0,-1,-1,-1,
45,-1,1267.3271191120148,550.2923634052277,66.58965826034546,205.8331961631775,1.0,-1,-1,-1,
45,-1,904.1788744926453,765.2927920818329,79.267258644104,201.76734495162964,0.9999984502792358,-1,-1,-1,
45,-1,148.204607963562,528.8647845983505,52.667484283447266,202.65984463691711,0.9999982118606567,-1,-1,-1,
45,-1,1894.0380522608757,464.4222357273102,25.280447602272034,170.02544832229614,0.9999959468841553,-1,-1,-1,
45,-1,957.8718888759613,502.7473740577698,56.359570026397705,224.99327087402344,0.9999977350234985,-1,-1,-1,
45,-1,992.0377725362778,408.75594341754913,47.07267880439758,207.79132676124573,0.9999991655349731,-1,-1,-1,
45,-1,355.91360092163086,325.6330887079239,48.623313903808594,79.13163113594055,0.9999998807907104,-1,-1,-1,
45,-1,738.8725644350052,463.46288788318634,56.931270360946655,139.5990207195282,0.9999982118606567,-1,-1,-1,
46,-1,1496.834744811058,343.2327872514725,56.29655957221985,176.58390641212463,1.0,-1,-1,-1,
46,-1,1705.8069151639938,326.67662036418915,49.57116723060608,166.31680941581726,1.0,-1,-1,-1,
46,-1,1314.426190853119,397.64878499507904,49.79637622833252,212.91029477119446,1.0,-1,-1,-1,
46,-1,1159.8161387443542,494.0048167705536,52.10836887359619,228.37760496139526,0.9999998807907104,-1,-1,-1,
46,-1,865.661900639534,511.7101482152939,55.28626799583435,239.13887429237366,0.9999997615814209,-1,-1,-1,
46,-1,730.1842939853668,487.0242680311203,47.86383390426636,204.78361344337463,0.9999996423721313,-1,-1,-1,
46,-1,951.9895952939987,744.9430782794952,39.69863533973694,237.5166163444519,0.9999998807907104,-1,-1,-1,
46,-1,1258.4117209911346,552.9278687238693,71.84362649917603,193.77482342720032,1.0,-1,-1,-1,
46,-1,148.48994493484497,530.8122421503067,51.93324565887451,207.08346819877625,0.9999992847442627,-1,-1,-1,
46,-1,954.5632266998291,528.0051811337471,53.031063079833984,128.8044866323471,0.9999994039535522,-1,-1,-1,
46,-1,356.84886932373047,328.95850297808647,47.52748489379883,80.46923643350601,0.9999994039535522,-1,-1,-1,
46,-1,1005.0395286083221,425.6113772392273,68.49302530288696,203.41588640213013,0.9999998807907104,-1,-1,-1,
46,-1,996.1567336320877,460.2365348339081,47.18825697898865,180.83401250839233,0.9999580383300781,-1,-1,-1,
47,-1,1504.8775881528854,338.9038016796112,53.92409920692444,183.72473430633545,1.0,-1,-1,-1,
47,-1,1253.4252905845642,548.2386485338211,74.69482898712158,193.4073178768158,1.0,-1,-1,-1,
47,-1,1690.3218358755112,326.15457451343536,52.494832277297974,170.36435294151306,1.0,-1,-1,-1,
47,-1,967.8971493244171,757.4493391513824,74.84267950057983,215.83784437179565,1.0,-1,-1,-1,
47,-1,1319.0602934360504,399.47177731990814,60.78833341598511,206.6488344669342,1.0,-1,-1,-1,
47,-1,944.876566529274,493.39721596241,54.3128764629364,239.70297503471375,0.9999990463256836,-1,-1,-1,
47,-1,742.1277272701263,491.06726682186127,58.41567277908325,196.10152173042297,1.0,-1,-1,-1,
47,-1,1168.0232548713684,510.27094781398773,69.09348964691162,196.78454518318176,1.0,-1,-1,-1,
47,-1,150.68578898906708,528.2403116226196,51.31458878517151,207.41209888458252,0.9999985694885254,-1,-1,-1,
47,-1,863.0613970756531,510.9531601667404,55.39350986480713,216.3577015399933,0.9999990463256836,-1,-1,-1,
47,-1,1019.7807383537292,421.532332777977,64.96328830718994,222.49093079566956,0.9999998807907104,-1,-1,-1,
47,-1,355.57149052619934,327.89012253284454,46.8587851524353,80.22348761558533,0.9999992847442627,-1,-1,-1,
47,-1,1002.5736254453659,495.5036813020706,53.99230599403381,152.39632487297058,0.999971866607666,-1,-1,-1,
47,-1,744.4149559736252,469.9877110719681,52.521482706069946,122.62628960609436,0.9999982118606567,-1,-1,-1,
48,-1,1507.2570133209229,334.4838538169861,54.07041549682617,194.02821493148804,1.0,-1,-1,-1,
48,-1,1677.8530061244965,329.65200877189636,50.288708209991455,179.82863473892212,1.0,-1,-1,-1,
48,-1,1324.249473810196,403.4299646615982,57.637832164764404,199.02001404762268,1.0,-1,-1,-1,
48,-1,847.7970063686371,508.96447491645813,62.60117769241333,215.8374581336975,1.0,-1,-1,-1,
48,-1,1236.7323625087738,548.3899154663086,71.35133028030396,200.12440395355225,1.0,-1,-1,-1,
48,-1,765.2963608503342,475.8454077243805,51.890913248062134,227.91033411026,1.0,-1,-1,-1,
48,-1,940.6619292497635,483.87484073638916,47.05642104148865,260.1139783859253,0.9999996423721313,-1,-1,-1,
48,-1,135.8304798603058,532.4039679765701,72.80651807785034,200.0994336605072,1.0,-1,-1,-1,
48,-1,997.4824368953705,755.8922138214111,63.361923694610596,211.99118328094482,0.9999982118606567,-1,-1,-1,
48,-1,1199.6203583478928,500.4222915172577,48.30330491065979,219.63703680038452,0.9999972581863403,-1,-1,-1,
48,-1,1043.5094100236893,390.9287474155426,41.3151490688324,242.83971118927002,0.9999995231628418,-1,-1,-1,
48,-1,350.6425219774246,328.596625238657,48.8810670375824,77.56685990095139,0.9999980926513672,-1,-1,-1,
48,-1,748.9701372385025,430.58858942985535,40.36699175834656,237.63403272628784,0.9999860525131226,-1,-1,-1,
49,-1,1663.4485816955566,344.46236658096313,52.78942108154297,159.1518416404724,1.0,-1,-1,-1,
49,-1,1510.5966764688492,347.28831946849823,55.58872103691101,165.08714318275452,1.0,-1,-1,-1,
49,-1,844.5117115974426,488.5002865791321,52.88522243499756,238.56513690948486,1.0,-1,-1,-1,
49,-1,1331.7233955860138,385.8615256547928,57.615602016448975,231.89578986167908,1.0,-1,-1,-1,
49,-1,1223.4192323684692,523.5503575801849,70.53717613220215,217.6143078804016,1.0,-1,-1,-1,
49,-1,938.0002695322037,485.2477787733078,49.9751079082489,259.8069384098053,0.9999997615814209,-1,-1,-1,
49,-1,135.3975749015808,532.9326699972153,73.07554721832275,198.92924809455872,0.9999998807907104,-1,-1,-1,
49,-1,1035.5853724479675,733.7492061853409,43.653016090393066,255.85336661338806,0.9998935461044312,-1,-1,-1,
49,-1,1057.3422914743423,411.1566095352173,51.801241636276245,199.89706420898438,0.9999969005584717,-1,-1,-1,
49,-1,1043.9621418714523,444.13194143772125,42.9324209690094,219.58143782615662,0.9999946355819702,-1,-1,-1,
49,-1,792.0766139030457,503.9572584629059,52.256455421447754,175.4689335823059,0.9999995231628418,-1,-1,-1,
49,-1,767.9496771097183,465.61136305332184,46.564024686813354,173.86073470115662,0.9999966621398926,-1,-1,-1,
50,-1,1645.5279958248138,342.52565610408783,44.34699296951294,172.3259403705597,1.0,-1,-1,-1,
50,-1,1506.0009974241257,347.0531165599823,49.43950295448303,169.91135358810425,1.0,-1,-1,-1,
50,-1,1338.4151458740234,384.7113987207413,50.590667724609375,239.2017538547516,1.0,-1,-1,-1,
50,-1,935.177326798439,503.4687799215317,56.75487399101257,216.71829342842102,1.0,-1,-1,-1,
50,-1,1048.3999013900757,754.3066774606705,74.06796455383301,206.18646883964539,1.0,-1,-1,-1,
50,-1,807.5206303596497,498.5046354532242,50.105223655700684,178.27296423912048,1.0,-1,-1,-1,
50,-1,1053.5226738452911,441.9530403614044,72.60278463363647,212.88227319717407,1.0,-1,-1,-1,
50,-1,821.9533538818359,500.4589648246765,75.31368255615234,196.8880376815796,0.9999997615814209,-1,-1,-1,
50,-1,162.47926354408264,528.6013927459717,52.319819927215576,201.6956205368042,0.9999992847442627,-1,-1,-1,
50,-1,1215.4228395223618,529.4477498531342,55.066033601760864,198.80234956741333,0.9999998807907104,-1,-1,-1,
50,-1,765.6948441267014,448.2430726289749,47.399221658706665,206.38391375541687,0.9999969005584717,-1,-1,-1,
50,-1,1239.9659514427185,505.93805480003357,55.06718158721924,214.89102029800415,0.9999969005584717,-1,-1,-1,
50,-1,358.53774189949036,330.4315812885761,50.99096059799194,78.28145831823349,0.9999995231628418,-1,-1,-1,
