1,-1,1063.0068933963776,409.44535106420517,67.83669233322144,125.3159648180008,1.0,-1,-1,-1,
1,-1,660.7250207662582,456.77135306596756,59.03450131416321,108.75718438625336,1.0,-1,-1,-1,
1,-1,1032.644727230072,752.9651920795441,100.98053455352783,193.14851903915405,1.0,-1,-1,-1,
1,-1,1006.040940284729,500.6847805380821,75.58024406433105,142.3562489748001,0.9999998807907104,-1,-1,-1,
1,-1,884.8543363809586,272.47157460451126,56.57588839530945,100.02136695384979,1.0,-1,-1,-1,
1,-1,1578.526241183281,226.24544191360474,59.017921686172485,99.28068780899048,1.0,-1,-1,-1,
1,-1,1098.3336156606674,305.6303519010544,54.401646852493286,87.73562550544739,1.0,-1,-1,-1,
1,-1,797.1882623434067,253.58072555065155,49.0439236164093,98.4742419719696,1.0,-1,-1,-1,
1,-1,677.3135268688202,563.5261777639389,63.52274179458618,134.90788865089417,1.0,-1,-1,-1,
1,-1,734.7235554456711,280.6272946000099,55.38450837135315,88.7320522069931,1.0,-1,-1,-1,
1,-1,1559.8072564601898,431.7992430925369,69.92047548294067,112.08195090293884,1.0,-1,-1,-1,
1,-1,1763.2525205612183,307.9352840781212,115.25490760803223,155.03215849399567,0.9999995231628418,-1,-1,-1,
1,-1,1267.519560456276,514.9427985548973,43.20032000541687,114.80580818653107,1.0,-1,-1,-1,
2,-1,1319.6079432964325,500.46684408187866,61.989405155181885,185.436541557312,1.0,-1,-1,-1,
2,-1,1116.8376767635345,422.431229531765,64.79472398757935,134.25691330432892,1.0,-1,-1,-1,
2,-1,711.2984240055084,451.9258850812912,75.38418531417847,146.03479027748108,1.0,-1,-1,-1,
2,-1,1680.2583914995193,218.143341422081,54.47184920310974,117.36754202842712,1.0,-1,-1,-1,
2,-1,1174.5116311311722,305.2958262562752,51.88333868980408,115.58753478527069,1.0,-1,-1,-1,
2,-1,1065.016883611679,771.9823522567749,107.96298265457153,174.58471870422363,0.9999992847442627,-1,-1,-1,
2,-1,806.6806626319885,289.8804860115051,44.08362865447998,103.32691812515259,1.0,-1,-1,-1,
2,-1,993.6511874198914,516.3074179887772,64.53768253326416,147.78981757164001,1.0,-1,-1,-1,
2,-1,718.0873239040375,526.2851164340973,81.38024568557739,174.3710904121399,1.0,-1,-1,-1,
2,-1,940.594967007637,290.0827170610428,52.8002393245697,93.88113713264465,0.9999983310699463,-1,-1,-1,
2,-1,867.350789308548,249.5959038734436,49.80689764022827,107.2149453163147,1.0,-1,-1,-1,
2,-1,1043.9533030986786,511.7062278985977,64.87125635147095,119.95943140983582,1.0,-1,-1,-1,
2,-1,1627.552884221077,425.03503435850143,57.42116332054138,156.60488140583038,0.9999996423721313,-1,-1,-1,
3,-1,1167.0125126838684,426.4431007504463,56.94283962249756,128.85218703746796,1.0,-1,-1,-1,
3,-1,1082.0136380195618,503.9294493198395,67.42871761322021,143.03999662399292,1.0,-1,-1,-1,
3,-1,1105.7856559753418,755.4379785060883,87.24140167236328,212.87570714950562,1.0,-1,-1,-1,
3,-1,881.2805539369583,293.17561358213425,42.523730993270874,99.76515591144562,1.0,-1,-1,-1,
3,-1,774.4532775878906,458.36910259723663,59.670867919921875,137.0036551952362,1.0,-1,-1,-1,
3,-1,1265.6837940216064,307.6633467078209,42.70986557006836,119.278599858284,1.0,-1,-1,-1,
3,-1,995.4799318313599,509.30393958091736,63.6185359954834,148.3258194923401,1.0,-1,-1,-1,
3,-1,1799.0252709388733,220.85301089286804,59.860453605651855,112.06053400039673,1.0,-1,-1,-1,
3,-1,792.3867380619049,523.482141494751,86.62834882736206,166.81739330291748,0.9999998807907104,-1,-1,-1,
3,-1,997.5237447023392,289.60802721977234,38.60561728477478,98.13974046707153,1.0,-1,-1,-1,
3,-1,1370.927678346634,522.0088201761246,86.25507116317749,164.54312682151794,0.9999998807907104,-1,-1,-1,
3,-1,1695.642181634903,433.6052280664444,57.867629528045654,140.83467364311218,0.9999998807907104,-1,-1,-1,
3,-1,949.7876858711243,260.676530957222,44.117560386657715,87.06206488609314,0.9999986886978149,-1,-1,-1,
4,-1,1103.473334312439,517.6576355695724,70.10144233703613,153.60606122016907,1.0,-1,-1,-1,
4,-1,1423.061785697937,510.8570930957794,85.47646522521973,180.32649564743042,1.0,-1,-1,-1,
4,-1,813.9533418416977,462.6304916739464,56.64737820625305,135.4225412607193,1.0,-1,-1,-1,
4,-1,1337.5414395332336,299.1924902200699,44.38832759857178,139.2775161266327,1.0,-1,-1,-1,
4,-1,1200.826871395111,419.479261636734,56.60217761993408,146.63973569869995,1.0,-1,-1,-1,
4,-1,835.1006305217743,536.3163490891457,114.20982599258423,148.1328066587448,1.0,-1,-1,-1,
4,-1,927.309120297432,290.0118504166603,54.067100286483765,110.42569434642792,1.0,-1,-1,-1,
4,-1,1142.2826492786407,767.6742911338806,54.71212148666382,187.52207279205322,0.9999998807907104,-1,-1,-1,
4,-1,1753.1939041614532,434.12591886520386,62.151925563812256,156.84615468978882,1.0,-1,-1,-1,
4,-1,1327.114868760109,166.23743426799774,44.85633730888367,101.05097150802612,1.0,-1,-1,-1,
4,-1,973.1986498832703,502.32855516672134,104.3505334854126,147.882138133049,1.0,-1,-1,-1,
4,-1,1021.4944821596146,261.47337555885315,56.36719107627869,122.5071930885315,0.9999997615814209,-1,-1,-1,
5,-1,1462.7412486076355,524.6235555410385,58.422532081604004,169.4643795490265,1.0,-1,-1,-1,
5,-1,1394.5829039812088,304.68024319410324,43.75548720359802,130.49719440937042,1.0,-1,-1,-1,
5,-1,1137.211264371872,772.9396723508835,116.14593744277954,208.12094235420227,0.9999998807907104,-1,-1,-1,
5,-1,1796.2916833162308,440.6911393404007,53.10922980308533,146.65949177742004,1.0,-1,-1,-1,
5,-1,974.4554042816162,292.01104617118835,56.946659088134766,114.58375024795532,1.0,-1,-1,-1,
5,-1,967.0181179046631,494.18082708120346,69.47954177856445,154.9042750597,1.0,-1,-1,-1,
5,-1,827.5693559646606,454.2574177980423,74.40459251403809,144.1674449443817,1.0,-1,-1,-1,
5,-1,1126.535986661911,523.8058814406395,95.53787469863892,158.33932220935822,0.9999998807907104,-1,-1,-1,
5,-1,1393.744500875473,161.15512990951538,45.83420991897583,104.89913892745972,1.0,-1,-1,-1,
5,-1,1198.4167921543121,417.20382356643677,72.48419523239136,169.09558010101318,1.0,-1,-1,-1,
5,-1,855.4090619087219,522.4762970209122,116.51025295257568,152.6029622554779,1.0,-1,-1,-1,
5,-1,99.1446840763092,362.57763344049454,65.10298490524292,130.7339390516281,0.9999990463256836,-1,-1,-1,
5,-1,1055.7881158590317,266.1218782067299,57.473756074905396,149.93537986278534,0.9999997615814209,-1,-1,-1,
5,-1,975.5879026651382,92.1271880865097,34.18163180351257,94.61873602867126,0.9999983310699463,-1,-1,-1,
6,-1,986.4785385131836,300.59075421094894,59.69581604003906,126.33625137805939,1.0,-1,-1,-1,
6,-1,1473.074984550476,522.6118794679642,91.14106178283691,187.12940382957458,1.0,-1,-1,-1,
6,-1,1435.87970495224,314.7710884809494,51.64963245391846,129.01238894462585,1.0,-1,-1,-1,
6,-1,1196.5894496440887,432.27673476934433,52.59907007217407,156.0151730775833,1.0,-1,-1,-1,
6,-1,1160.213541984558,781.0604957342148,60.798654556274414,214.30530953407288,1.0,-1,-1,-1,
6,-1,1821.5661978721619,451.4992400407791,57.30621814727783,163.62635207176208,0.9999997615814209,-1,-1,-1,
6,-1,916.1827021837234,503.7758102416992,58.642247915267944,146.42842483520508,1.0,-1,-1,-1,
6,-1,1162.9892027378082,531.7069144248962,65.19591093063354,149.6491870880127,1.0,-1,-1,-1,
6,-1,1449.9961817264557,165.2802284359932,41.331260204315186,106.49672591686249,1.0,-1,-1,-1,
6,-1,1067.0686501264572,305.34286361932755,51.88473343849182,114.4769457578659,1.0,-1,-1,-1,
6,-1,1095.8917880058289,257.06002271175385,52.68984317779541,128.4667890071869,0.9999998807907104,-1,-1,-1,
6,-1,844.4551402330399,461.3941692709923,59.02814269065857,136.03306782245636,0.9999998807907104,-1,-1,-1,
6,-1,867.2226190567017,509.87469005584717,99.4046688079834,167.7145471572876,0.9999992847442627,-1,-1,-1,
7,-1,1162.6078444719315,281.61111706495285,55.92124342918396,129.31445610523224,1.0,-1,-1,-1,
7,-1,867.2202157974243,498.06767785549164,127.49361991882324,202.24765133857727,1.0,-1,-1,-1,
7,-1,1212.253532409668,813.8285593986511,72.12020874023438,217.22640895843506,0.9999998807907104,-1,-1,-1,
7,-1,1098.475649356842,339.2775562405586,77.62511730194092,125.1393574476242,1.0,-1,-1,-1,
7,-1,1511.8167185783386,339.9466236233711,59.31906223297119,138.34167087078094,1.0,-1,-1,-1,
7,-1,1541.2201523780823,557.1130481958389,64.0285062789917,194.3528287410736,1.0,-1,-1,-1,
7,-1,1031.2097811698914,337.44797533750534,56.31990909576416,108.53434431552887,1.0,-1,-1,-1,
7,-1,1218.823356628418,438.8569589853287,54.02801513671875,184.95075058937073,1.0,-1,-1,-1,
7,-1,1871.7198479175568,486.1987291574478,47.11496114730835,165.48585677146912,0.9999955892562866,-1,-1,-1,
7,-1,1538.378078341484,198.31996071338654,48.25521111488342,107.53836178779602,0.9999988079071045,-1,-1,-1,
8,-1,1605.1144337654114,571.19584608078,102.30172634124756,196.31586456298828,1.0,-1,-1,-1,
8,-1,1237.9288744926453,449.1403970718384,79.24746036529541,173.64805269241333,1.0,-1,-1,-1,
8,-1,1322.6920795440674,542.1423114538193,60.303096771240234,186.1553499698639,1.0,-1,-1,-1,
8,-1,1263.5436701774597,824.8580421209335,72.60015964508057,238.51996636390686,0.9999998807907104,-1,-1,-1,
8,-1,1144.7306907176971,353.76258087158203,56.6170334815979,129.63123893737793,0.9999986886978149,-1,-1,-1,
8,-1,1075.308056473732,349.0342605113983,52.91011691093445,113.92266511917114,0.9999998807907104,-1,-1,-1,
8,-1,1606.539872288704,351.4301453232765,49.56719756126404,119.42002093791962,1.0,-1,-1,-1,
8,-1,883.0270993709564,504.24779319763184,82.91163682937622,202.59825897216797,0.9999988079071045,-1,-1,-1,
8,-1,1237.6257508993149,285.43493217229843,43.59584927558899,120.01797544956207,1.0,-1,-1,-1,
9,-1,1277.1291267871857,451.8100281357765,52.85646200180054,156.99156367778778,1.0,-1,-1,-1,
9,-1,1418.7248504161835,540.7385129928589,51.146414279937744,191.65914630889893,1.0,-1,-1,-1,
9,-1,1683.4538197517395,585.2036333084106,75.38339138031006,198.1432342529297,1.0,-1,-1,-1,
9,-1,1160.4153764247894,355.01848554611206,64.06716585159302,137.86000299453735,1.0,-1,-1,-1,
9,-1,1097.9628217220306,348.4570083618164,71.86557054519653,145.48492240905762,1.0,-1,-1,-1,
9,-1,1300.2757894992828,843.5090228319168,97.67962217330933,231.90397810935974,0.9999961853027344,-1,-1,-1,
9,-1,1286.188952922821,289.81919807195663,77.04607486724854,133.03539669513702,0.9999998807907104,-1,-1,-1,
9,-1,1693.9194184541702,334.8697121143341,56.02323889732361,169.7476658821106,0.9999998807907104,-1,-1,-1,
9,-1,873.7057650089264,506.53509843349457,93.95874738693237,198.8987352848053,0.9999998807907104,-1,-1,-1,
9,-1,938.0082339048386,502.4356927871704,56.350017786026,219.7615213394165,0.9999997615814209,-1,-1,-1,
9,-1,864.8350596427917,491.8737995624542,64.57178592681885,158.19211721420288,0.9999943971633911,-1,-1,-1,
9,-1,1732.5325047969818,197.9755425453186,56.827003955841064,86.01223111152649,0.999998927116394,-1,-1,-1,
10,-1,1713.2863640785217,591.0912408828735,139.04326915740967,199.91120052337646,1.0,-1,-1,-1,
10,-1,1333.6310827732086,271.1582652926445,42.658259868621826,151.44466316699982,1.0,-1,-1,-1,
10,-1,1749.7934889793396,348.4450269341469,63.54130268096924,152.9440973997116,1.0,-1,-1,-1,
10,-1,1347.7708232402802,835.9301558732986,71.2076210975647,250.05994963645935,0.9999998807907104,-1,-1,-1,
10,-1,1470.1056683063507,528.7112356424332,68.19091558456421,208.23716139793396,1.0,-1,-1,-1,
10,-1,1102.3097491264343,347.27487033605576,52.92215824127197,161.13823521137238,1.0,-1,-1,-1,
10,-1,925.5174851417542,516.9557572603226,88.66626262664795,173.15901732444763,1.0,-1,-1,-1,
10,-1,1266.0284399986267,439.97651517391205,89.73488330841064,180.85724472999573,1.0,-1,-1,-1,
10,-1,1138.2231330871582,351.93963038921356,72.40550994873047,179.56114554405212,0.9999932050704956,-1,-1,-1,
10,-1,443.8398349285126,436.9775260090828,61.867125034332275,131.793506026268,1.0,-1,-1,-1,
10,-1,784.035108089447,505.8448008298874,131.24168872833252,195.4313986301422,0.9999992847442627,-1,-1,-1,
10,-1,1806.6017407178879,199.5198946595192,54.70324158668518,112.10754883289337,0.9999998807907104,-1,-1,-1,
10,-1,1229.9257081747055,94.93843013048172,40.847893953323364,91.06211078166962,0.9999996423721313,-1,-1,-1,
11,-1,1232.214810848236,436.4935519695282,107.06833362579346,193.0772967338562,1.0,-1,-1,-1,
11,-1,1346.7651522159576,265.1572775244713,65.72720289230347,147.56111633777618,1.0,-1,-1,-1,
11,-1,1761.8611371517181,586.3371455669403,70.08990526199341,231.19922876358032,1.0,-1,-1,-1,
11,-1,472.19593048095703,435.33833634853363,74.4748306274414,139.87417674064636,1.0,-1,-1,-1,
11,-1,925.6158971786499,510.4034049510956,60.78686714172363,168.47771501541138,0.9999997615814209,-1,-1,-1,
11,-1,730.5749094486237,519.6465429067612,112.23931074142456,187.18088936805725,1.0,-1,-1,-1,
11,-1,1522.8589010238647,543.7131417989731,68.58304023742676,197.93174958229065,1.0,-1,-1,-1,
11,-1,1801.4608883857727,350.8905546069145,67.33716487884521,146.54156363010406,1.0,-1,-1,-1,
11,-1,1363.8954198360443,860.6442507505417,65.56823015213013,238.25547051429749,0.9999995231628418,-1,-1,-1,
11,-1,1066.6958212852478,359.0754371881485,61.55266284942627,167.05869555473328,1.0,-1,-1,-1,
11,-1,1124.1366648674011,366.14907252788544,57.16116428375244,159.6111752986908,0.999998927116394,-1,-1,-1,
11,-1,1839.9134248495102,191.41658073663712,55.50319790840149,127.66944873332977,0.9999997615814209,-1,-1,-1,
12,-1,907.7626705169678,511.30395770072937,59.22941207885742,202.3433804512024,1.0,-1,-1,-1,
12,-1,635.1401567459106,551.5682301521301,150.52599906921387,154.1304759979248,1.0,-1,-1,-1,
12,-1,1356.0658764839172,264.10858154296875,55.13913631439209,167.9048466682434,1.0,-1,-1,-1,
12,-1,1572.5817239284515,542.7711907625198,67.31374025344849,208.03029227256775,1.0,-1,-1,-1,
12,-1,1359.472439289093,868.3779122829437,119.29608821868896,227.03612279891968,1.0,-1,-1,-1,
12,-1,1840.7318848371506,340.18497598171234,53.326345682144165,184.3859932422638,1.0,-1,-1,-1,
12,-1,1786.128101348877,615.3609623908997,93.4603500366211,212.26309490203857,1.0,-1,-1,-1,
12,-1,1030.8826196193695,380.9581493139267,106.0961651802063,184.24254441261292,0.9999998807907104,-1,-1,-1,
12,-1,498.34497570991516,446.07946819067,80.93242406845093,136.26334297657013,1.0,-1,-1,-1,
12,-1,1236.191924214363,441.2090266942978,53.132890462875366,185.8461663722992,0.9999997615814209,-1,-1,-1,
12,-1,1867.6195049285889,188.7903789281845,48.05574417114258,105.25947976112366,0.9999758005142212,-1,-1,-1,
12,-1,1266.7408150434494,79.75154972076416,42.44953751564026,108.24510025978088,0.9999996423721313,-1,-1,-1,
13,-1,1192.8003430366516,451.13489520549774,71.3300085067749,196.89083790779114,1.0,-1,-1,-1,
13,-1,1345.7181358337402,277.51732635498047,95.9139633178711,165.45872354507446,1.0,-1,-1,-1,
13,-1,1784.3845188617706,624.3339139223099,70.68378210067749,234.23129439353943,1.0,-1,-1,-1,
13,-1,1370.444905757904,887.406975030899,90.54306507110596,212.60340929031372,1.0,-1,-1,-1,
13,-1,1851.7421919107437,363.832284450531,53.67366671562195,168.90555095672607,0.9999998807907104,-1,-1,-1,
13,-1,1612.0504063367844,554.4860594272614,57.46801972389221,229.26371240615845,0.9999998807907104,-1,-1,-1,
13,-1,960.8536219596863,391.25681483745575,95.05163669586182,193.09110474586487,1.0,-1,-1,-1,
13,-1,1872.4207055568695,201.36708962917328,40.092594623565674,120.72279238700867,0.9999997615814209,-1,-1,-1,
13,-1,872.2904348373413,523.7044665813446,61.89946174621582,183.98880529403687,0.9999996423721313,-1,-1,-1,
13,-1,503.1924819946289,445.5212173461914,97.3077392578125,157.2993664741516,1.0,-1,-1,-1,
13,-1,1016.0662651062012,382.4114055633545,53.80107879638672,214.90604496002197,0.9999985694885254,-1,-1,-1,
13,-1,1248.7220585346222,79.61514168977737,45.81714391708374,105.47714424133301,0.9999990463256836,-1,-1,-1,
13,-1,567.7546763420105,567.7333615422249,140.5318307876587,155.6041578054428,0.9999998807907104,-1,-1,-1,
14,-1,840.2720957994461,528.7475227117538,51.290448904037476,207.87722611427307,1.0,-1,-1,-1,
14,-1,1359.5100617408752,267.6773668527603,50.89549541473389,199.5385000705719,1.0,-1,-1,-1,
14,-1,1146.910775899887,465.3837368488312,79.42628145217896,196.87988805770874,1.0,-1,-1,-1,
14,-1,1661.6619265079498,567.6805515289307,63.94627332687378,236.3322172164917,1.0,-1,-1,-1,
14,-1,1782.2259771823883,643.434253692627,101.20829343795776,251.82978916168213,1.0,-1,-1,-1,
14,-1,1406.6218507289886,917.4462472200394,89.70101594924927,170.82984709739685,0.9999998807907104,-1,-1,-1,
14,-1,907.7770793437958,416.8791164159775,79.05048608779907,195.22035813331604,1.0,-1,-1,-1,
14,-1,495.9364986419678,595.0427430868149,151.6373634338379,162.5449240207672,1.0,-1,-1,-1,
14,-1,1868.2538187503815,207.1711184978485,49.98139142990112,145.36066961288452,0.999997615814209,-1,-1,-1,
14,-1,1882.0630145072937,361.19095981121063,37.65024662017822,209.66655135154724,0.9999992847442627,-1,-1,-1,
14,-1,512.2587525844574,470.03442656993866,112.50348329544067,153.11461186408997,0.9999998807907104,-1,-1,-1,
14,-1,289.06056582927704,2.219196170568466,43.04368615150452,95.44953417778015,0.9999995231628418,-1,-1,-1,
14,-1,950.8134233951569,420.01933193206787,53.53420972824097,174.93422555923462,0.9999978542327881,-1,-1,-1,
14,-1,616.5329360961914,5.983489573001862,40.034751892089844,87.85513722896576,0.9999998807907104,-1,-1,-1,
15,-1,1706.633563041687,582.5123809576035,72.56638526916504,239.4452383518219,1.0,-1,-1,-1,
15,-1,774.0615677833557,551.3694334030151,97.22838878631592,197.63301372528076,1.0,-1,-1,-1,
15,-1,1424.158433675766,959.9877794981003,84.14147615432739,124.6833164691925,0.9999961853027344,-1,-1,-1,
15,-1,1106.049313545227,469.1945421695709,80.96732139587402,198.72896432876587,1.0,-1,-1,-1,
15,-1,1342.0084047317505,279.2303019762039,85.22475242614746,182.93829560279846,1.0,-1,-1,-1,
15,-1,1797.3544192314148,658.8552668094635,81.70084476470947,250.38653326034546,0.9999992847442627,-1,-1,-1,
15,-1,433.60316276550293,612.5634173154831,127.10832595825195,172.11845326423645,1.0,-1,-1,-1,
15,-1,517.370502948761,484.34667080640793,120.7556676864624,149.20768797397614,1.0,-1,-1,-1,
15,-1,288.06090116500854,14.423529893159866,47.69684314727783,105.24591314792633,0.9999998807907104,-1,-1,-1,
15,-1,1893.7504541873932,172.8161859512329,25.57915449142456,210.07857084274292,0.9999943971633911,-1,-1,-1,
15,-1,542.6870083808899,655.3607003688812,78.41023921966553,81.27040529251099,0.9999996423721313,-1,-1,-1,
15,-1,855.9045910835266,452.52513349056244,79.87988948822021,193.9816153049469,0.9999995231628418,-1,-1,-1,
15,-1,838.4581124782562,442.8780838251114,67.57764101028442,136.98113751411438,0.9999992847442627,-1,-1,-1,
16,-1,1431.3638949394226,962.9500856995583,70.43825626373291,126.14396274089813,0.9999995231628418,-1,-1,-1,
16,-1,1349.7801893949509,269.1026337146759,47.02668786048889,216.02439737319946,1.0,-1,-1,-1,
16,-1,1733.5875141620636,592.8408672809601,65.95577001571655,245.10897588729858,1.0,-1,-1,-1,
16,-1,732.5497949123383,446.92819583415985,103.93254518508911,211.06291794776917,0.9999998807907104,-1,-1,-1,
16,-1,510.8858370780945,484.07713294029236,131.69275760650635,160.69146394729614,0.9999998807907104,-1,-1,-1,
16,-1,1789.7514510154724,680.2822984457016,82.47463703155518,263.8795874118805,1.0,-1,-1,-1,
16,-1,1072.176067829132,478.30605018138885,83.0927038192749,192.43310952186584,1.0,-1,-1,-1,
16,-1,1883.4891432523727,176.25617694854736,35.152984857559204,210.70821619033813,0.9999973773956299,-1,-1,-1,
16,-1,370.14703273773193,592.5724478960037,98.8260555267334,202.5259358882904,1.0,-1,-1,-1,
16,-1,744.0958285331726,534.9987831115723,95.73164463043213,224.67987728118896,0.9999994039535522,-1,-1,-1,
16,-1,286.54184997081757,10.723631232976913,45.425859689712524,91.76181972026825,1.0,-1,-1,-1,
16,-1,402.30385065078735,642.7505301833153,157.41492748260498,143.89185440540314,0.9999990463256836,-1,-1,-1,
16,-1,801.8748486042023,463.3080804347992,92.44758367538452,184.6158242225647,0.9999990463256836,-1,-1,-1,
16,-1,642.2246807813644,7.130704432725906,32.80565857887268,71.24462020397186,0.9999994039535522,-1,-1,-1,
16,-1,600.0751465559006,11.558757662773132,38.55763077735901,88.88329339027405,0.9999992847442627,-1,-1,-1,
17,-1,722.857518196106,536.2095558643341,77.72727012634277,236.1195158958435,1.0,-1,-1,-1,
17,-1,1841.7803978919983,192.43806624412537,69.2192029953003,187.95404148101807,1.0,-1,-1,-1,
17,-1,283.36960673332214,605.585604429245,104.37660455703735,214.7532877922058,0.9999994039535522,-1,-1,-1,
17,-1,1309.315663576126,291.4479432106018,83.64421606063843,174.4510416984558,0.9999998807907104,-1,-1,-1,
17,-1,1411.4486181735992,968.4145098924637,75.9601092338562,118.47419142723083,0.9999995231628418,-1,-1,-1,
17,-1,1025.15407204628,478.408812046051,88.41889142990112,187.38210010528564,1.0,-1,-1,-1,
17,-1,1735.9027934074402,678.9631923437119,105.35177707672119,263.4042055606842,0.9999997615814209,-1,-1,-1,
17,-1,389.1057085990906,647.2331210374832,155.9679651260376,127.68148970603943,0.9999985694885254,-1,-1,-1,
17,-1,665.0033497810364,459.87801253795624,97.95526027679443,198.51759552955627,1.0,-1,-1,-1,
17,-1,751.860476732254,479.66633409261703,61.80265188217163,138.47162067890167,1.0,-1,-1,-1,
17,-1,521.2012410163879,483.25812470912933,120.69192409515381,162.99458241462708,0.9999994039535522,-1,-1,-1,
17,-1,602.3136234283447,12.586292624473572,40.56924819946289,83.5673439502716,0.9999998807907104,-1,-1,-1,
17,-1,1871.937205195427,507.10076665878296,50.03405213356018,282.4623327255249,0.9999994039535522,-1,-1,-1,
17,-1,1724.731936454773,602.7732342481613,81.84113502502441,184.31446194648743,0.9999995231628418,-1,-1,-1,
17,-1,289.2669206857681,6.806556522846222,44.58625674247742,84.32634043693542,0.9999998807907104,-1,-1,-1,
18,-1,229.5177984237671,615.0330655574799,95.45159339904785,208.722797870636,1.0,-1,-1,-1,
18,-1,1302.4144917726517,274.02827990055084,47.04494833946228,191.1681411266327,1.0,-1,-1,-1,
18,-1,1006.4873850345612,463.76027512550354,69.99504804611206,198.1595721244812,1.0,-1,-1,-1,
18,-1,1811.9176125526428,202.84101927280426,62.275614738464355,166.50092911720276,1.0,-1,-1,-1,
18,-1,1375.520532131195,961.6280779838562,90.27149677276611,123.85790634155273,0.9999991655349731,-1,-1,-1,
18,-1,1798.774698972702,531.6980856657028,79.80304956436157,244.1894781589508,1.0,-1,-1,-1,
18,-1,707.6741194725037,541.6071592569351,75.5326509475708,234.44248938560486,1.0,-1,-1,-1,
18,-1,1138.9739871025085,68.72977244853973,61.82680606842041,123.26385283470154,1.0,-1,-1,-1,
18,-1,1685.7480239868164,699.1078684329987,103.65875244140625,242.49074506759644,0.9999998807907104,-1,-1,-1,
18,-1,1704.758563041687,594.1180601119995,89.75266456604004,250.55937480926514,0.9999988079071045,-1,-1,-1,
18,-1,403.8988137245178,648.8043166995049,129.95202541351318,122.45251142978668,0.9999997615814209,-1,-1,-1,
18,-1,593.6248934268951,470.3437389135361,86.03886365890503,200.72309231758118,1.0,-1,-1,-1,
18,-1,542.6227712631226,487.6374081373215,71.94096565246582,157.7558033466339,0.9999974966049194,-1,-1,-1,
18,-1,689.3425011634827,483.85639464855194,62.36121654510498,169.9184410572052,0.999995231628418,-1,-1,-1,
18,-1,650.3183197975159,478.39169204235077,84.15534496307373,194.3848478794098,1.0,-1,-1,-1,
19,-1,184.59081888198853,615.8252109289169,91.42703533172607,199.5037386417389,1.0,-1,-1,-1,
19,-1,686.6272330284119,540.1997816562653,76.36463642120361,228.0757212638855,1.0,-1,-1,-1,
19,-1,1632.4775648117065,672.9325833320618,90.27108192443848,264.96953201293945,0.9999998807907104,-1,-1,-1,
19,-1,1720.3728425502777,587.9724905490875,64.06968355178833,253.29266595840454,0.9999995231628418,-1,-1,-1,
19,-1,1784.984210729599,208.91936087608337,61.86469316482544,172.71250677108765,1.0,-1,-1,-1,
19,-1,1266.492601633072,269.342835187912,64.54439878463745,216.0515112876892,0.9999995231628418,-1,-1,-1,
19,-1,1356.3815188407898,945.487218439579,127.26915836334229,145.11845004558563,0.9999991655349731,-1,-1,-1,
19,-1,987.6653945446014,455.7175780534744,69.09876108169556,201.13694643974304,1.0,-1,-1,-1,
19,-1,591.7591667175293,472.6970200538635,86.66610717773438,228.96572971343994,0.9999998807907104,-1,-1,-1,
19,-1,1893.794593513012,346.82182109355927,24.941330552101135,282.3017542362213,0.9999938011169434,-1,-1,-1,
19,-1,414.98554944992065,660.482088804245,98.24739933013916,98.3328595161438,0.7864933013916016,-1,-1,-1,
19,-1,544.6762704849243,496.8374708890915,60.389814376831055,153.57554841041565,0.9999996423721313,-1,-1,-1,
19,-1,602.5066119432449,14.958098709583282,41.759008169174194,81.30680823326111,0.9999996423721313,-1,-1,-1,
19,-1,577.6648664474487,484.2788425683975,62.533464431762695,175.8203523159027,0.9999978542327881,-1,-1,-1,
19,-1,1105.9213757514954,69.52520567178726,64.27564144134521,124.66145539283752,0.9999876022338867,-1,-1,-1,
19,-1,288.7960070371628,8.292091012001038,43.93020272254944,85.57387018203735,0.9999998807907104,-1,-1,-1,
19,-1,643.4083521366119,494.2088631391525,67.87102460861206,147.82330441474915,0.9999984502792358,-1,-1,-1,
20,-1,1575.6931257247925,668.8761016130447,127.49207496643066,267.14511466026306,1.0,-1,-1,-1,
20,-1,168.64710688591003,616.0952686071396,81.44424676895142,211.9323399066925,1.0,-1,-1,-1,
20,-1,1251.3675498962402,253.1296284198761,53.412208557128906,233.96592950820923,1.0,-1,-1,-1,
20,-1,983.0402290821075,448.70120894908905,65.52804708480835,205.55570340156555,1.0,-1,-1,-1,
20,-1,1757.667219042778,208.77880883216858,57.77309060096741,174.27611446380615,1.0,-1,-1,-1,
20,-1,688.0595433712006,537.7331428527832,67.17887163162231,241.83363819122314,1.0,-1,-1,-1,
20,-1,1708.6390113830566,584.0633296966553,65.20122528076172,252.28609085083008,0.9999997615814209,-1,-1,-1,
20,-1,1870.430822968483,384.9452819824219,46.68641924858093,203.77107095718384,0.9999994039535522,-1,-1,-1,
20,-1,394.81985449790955,623.3805559873581,73.60816240310669,141.12021946907043,1.0,-1,-1,-1,
20,-1,1329.0254616737366,944.3989089131355,115.6554365158081,142.0459645986557,1.0,-1,-1,-1,
20,-1,590.8668851852417,484.35974657535553,85.00657081604004,225.82713961601257,1.0,-1,-1,-1,
20,-1,524.9358487129211,455.1312299966812,84.09818172454834,243.15432143211365,0.9999998807907104,-1,-1,-1,
20,-1,1109.5442748069763,62.50550848245621,48.96885395050049,116.4336279630661,0.9999982118606567,-1,-1,-1,
20,-1,602.9709362983704,17.826034873723984,40.82211971282959,79.4384828209877,0.9999996423721313,-1,-1,-1,
20,-1,288.4730279445648,7.264444202184677,43.6626935005188,84.97944974899292,0.9999998807907104,-1,-1,-1,
21,-1,1735.2502763271332,197.19531905651093,60.79873323440552,202.17978930473328,1.0,-1,-1,-1,
21,-1,158.0416989326477,612.0679156780243,76.25763416290283,221.2967791557312,1.0,-1,-1,-1,
21,-1,685.3077185153961,540.6306624412537,69.6301531791687,234.9748992919922,1.0,-1,-1,-1,
21,-1,978.3433306217194,442.1680623292923,69.37145948410034,210.2134644985199,1.0,-1,-1,-1,
21,-1,1844.4946503639221,365.26637041568756,55.17970561981201,241.47051644325256,1.0,-1,-1,-1,
21,-1,1694.7516256570816,581.1374183893204,54.724119901657104,257.839866399765,1.0,-1,-1,-1,
21,-1,591.2069928646088,478.00117313861847,77.79601335525513,228.00127387046814,1.0,-1,-1,-1,
21,-1,1565.7446730136871,661.4105150699615,61.95883512496948,272.53118562698364,0.9999998807907104,-1,-1,-1,
21,-1,1316.6616797447205,930.2625060081482,71.36940479278564,163.56835842132568,0.9999992847442627,-1,-1,-1,
21,-1,386.11172318458557,614.5627048015594,70.69405317306519,150.25198888778687,0.9999995231628418,-1,-1,-1,
21,-1,1226.200157403946,290.94875943660736,64.64459180831909,174.74703526496887,1.0,-1,-1,-1,
21,-1,517.6840424537659,457.0401087999344,87.96416759490967,241.55189681053162,1.0,-1,-1,-1,
21,-1,1573.613759279251,541.5172140598297,78.9846396446228,210.0464358329773,0.9999998807907104,-1,-1,-1,
21,-1,288.53645145893097,6.7853423953056335,47.14130759239197,85.84634184837341,1.0,-1,-1,-1,
21,-1,1103.3715069293976,60.27778369188309,52.2106146812439,113.2305554151535,0.9999991655349731,-1,-1,-1,
21,-1,602.6403629779816,17.60011938214302,39.90031957626343,79.44360530376434,0.9999984502792358,-1,-1,-1,
22,-1,1723.0780291557312,204.45095944404602,47.99410343170166,194.26667833328247,1.0,-1,-1,-1,
22,-1,684.7209799289703,539.8978078365326,76.14378690719604,238.5280966758728,1.0,-1,-1,-1,
22,-1,143.60517740249634,609.6875174045563,81.81497097015381,221.67390203475952,1.0,-1,-1,-1,
22,-1,1683.661608695984,579.9833518266678,64.24447059631348,259.1915452480316,1.0,-1,-1,-1,
22,-1,1504.9582743644714,671.3728991746902,110.0124979019165,257.98478293418884,1.0,-1,-1,-1,
22,-1,1209.9005234241486,280.799201130867,58.838632106781006,198.46004605293274,1.0,-1,-1,-1,
22,-1,975.2514660358429,432.8258285522461,74.98504400253296,208.02420902252197,1.0,-1,-1,-1,
22,-1,581.3709139823914,480.80351400375366,74.77968692779541,225.08905792236328,1.0,-1,-1,-1,
22,-1,1273.195606470108,925.8295580148697,96.77399396896362,163.34826064109802,0.9999997615814209,-1,-1,-1,
22,-1,1815.941698551178,389.71018874645233,81.02309703826904,203.69816851615906,0.9999998807907104,-1,-1,-1,
22,-1,383.6039328575134,615.3083342313766,72.63672351837158,147.56467938423157,1.0,-1,-1,-1,
22,-1,532.35759973526,472.5642024278641,77.61619091033936,229.19660353660583,1.0,-1,-1,-1,
22,-1,1531.332095861435,532.1349241733551,68.3354115486145,219.9641032218933,1.0,-1,-1,-1,
22,-1,1104.333404302597,59.67906314134598,49.98927354812622,111.60206937789917,0.9999983310699463,-1,-1,-1,
22,-1,288.5818684101105,8.547005742788315,45.56737661361694,86.68586897850037,0.9999998807907104,-1,-1,-1,
22,-1,353.07801425457,196.11224949359894,45.930458307266235,82.92966485023499,0.9999978542327881,-1,-1,-1,
23,-1,1696.7188042402267,211.6397227048874,55.00485062599182,182.4405119419098,1.0,-1,-1,-1,
23,-1,684.7426807880402,542.5929901599884,76.02485418319702,233.26737928390503,1.0,-1,-1,-1,
23,-1,1677.2559571266174,588.048508644104,58.26228618621826,245.68906688690186,1.0,-1,-1,-1,
23,-1,124.73262906074524,610.6049391031265,80.77083349227905,226.83344435691833,1.0,-1,-1,-1,
23,-1,1798.2219403982162,387.1267193555832,52.617398500442505,200.91497540473938,1.0,-1,-1,-1,
23,-1,966.4683651924133,429.0089592933655,72.22585201263428,215.509503364563,1.0,-1,-1,-1,
23,-1,1474.2068552970886,643.0875470638275,81.39608860015869,276.4286370277405,1.0,-1,-1,-1,
23,-1,1185.3119158744812,271.9829013347626,53.56119632720947,214.36056089401245,0.9999998807907104,-1,-1,-1,
23,-1,566.6315710544586,486.33867287635803,75.49605131149292,215.87577295303345,1.0,-1,-1,-1,
23,-1,1263.0828988552094,915.8891733884811,64.62987184524536,184.08789467811584,0.999996542930603,-1,-1,-1,
23,-1,1491.2571001052856,533.4992587566376,71.07871055603027,224.0669560432434,1.0,-1,-1,-1,
23,-1,1094.8245710134506,60.36986607313156,48.27825665473938,114.9612786769867,1.0,-1,-1,-1,
23,-1,521.5734243392944,472.54075133800507,72.22569465637207,233.1208212375641,0.9999998807907104,-1,-1,-1,
23,-1,368.1913626194,621.051699578762,66.11698865890503,140.10834324359894,0.9999990463256836,-1,-1,-1,
23,-1,282.8238558769226,6.22989821434021,46.75854206085205,82.32358968257904,0.9999998807907104,-1,-1,-1,
23,-1,636.0296094417572,8.285174533724785,32.702858448028564,72.78028357028961,0.9999991655349731,-1,-1,-1,
24,-1,1166.6044700145721,275.85537922382355,53.7111496925354,209.28927397727966,1.0,-1,-1,-1,
24,-1,696.7078220844269,542.2271068096161,69.8055624961853,225.78540658950806,1.0,-1,-1,-1,
24,-1,1416.8894577026367,647.1136254072189,109.37164306640625,271.41926407814026,1.0,-1,-1,-1,
24,-1,1758.3644020557404,389.6835254430771,65.06227254867554,208.37740445137024,1.0,-1,-1,-1,
24,-1,1673.8327968120575,588.4929753541946,56.60724878311157,243.73630499839783,1.0,-1,-1,-1,
24,-1,967.8912162780762,430.24937903881073,66.94393157958984,210.17796921730042,1.0,-1,-1,-1,
24,-1,1222.812430858612,912.6912732124329,81.34779453277588,178.55872249603271,0.9999997615814209,-1,-1,-1,
24,-1,362.6498007774353,619.864443898201,70.80532550811768,140.850741147995,0.9999992847442627,-1,-1,-1,
24,-1,535.1862931251526,474.13929748535156,69.48974132537842,235.7766523361206,1.0,-1,-1,-1,
24,-1,108.2074785232544,606.5201783180237,88.92119407653809,223.94818782806396,0.9999996423721313,-1,-1,-1,
24,-1,1467.4609959125519,528.6934976577759,51.88342809677124,176.7262544631958,0.9999998807907104,-1,-1,-1,
24,-1,1093.7856209278107,60.34208428859711,47.54777669906616,114.75320255756378,1.0,-1,-1,-1,
24,-1,628.0550122261047,9.694473668932915,33.136839866638184,71.92979693412781,0.9999995231628418,-1,-1,-1,
24,-1,1676.1842554807663,210.702174782753,39.03728127479553,188.1024148464203,0.9999932050704956,-1,-1,-1,
24,-1,579.2734658718109,467.917111158371,47.30889558792114,251.43439722061157,0.9999915361404419,-1,-1,-1,
24,-1,507.53915548324585,432.48666644096375,70.2332353591919,279.3615746498108,0.9999995231628418,-1,-1,-1,
24,-1,580.6379878520966,17.20294350385666,49.12304162979126,77.35625874996185,0.9999990463256836,-1,-1,-1,
24,-1,267.06949532032013,6.523159950971603,46.206010580062866,81.59121465682983,0.9999997615814209,-1,-1,-1,
25,-1,1146.2301796674728,265.1253436803818,56.696516275405884,229.74293732643127,1.0,-1,-1,-1,
25,-1,1392.7090895175934,653.8015859127045,92.79860258102417,261.9151225090027,1.0,-1,-1,-1,
25,-1,700.280030965805,541.5638169050217,67.04205751419067,223.63172364234924,1.0,-1,-1,-1,
25,-1,1659.5736336708069,589.0254850387573,63.68850231170654,240.6430206298828,1.0,-1,-1,-1,
25,-1,1641.6439408063889,224.87098789215088,58.93280625343323,180.06018447875977,1.0,-1,-1,-1,
25,-1,1195.209242105484,911.6871732473373,83.75754117965698,179.55639481544495,0.9999997615814209,-1,-1,-1,
25,-1,968.9566540718079,426.8923873901367,65.8789587020874,212.4122986793518,1.0,-1,-1,-1,
25,-1,358.6428701877594,627.676978468895,74.05100584030151,133.8395540714264,1.0,-1,-1,-1,
25,-1,1423.7656939029694,527.0326384305954,63.66131544113159,228.385155916214,1.0,-1,-1,-1,
25,-1,1732.2820973396301,389.52375161647797,70.696120262146,209.8030092716217,0.9999998807907104,-1,-1,-1,
25,-1,543.4739077091217,484.91686284542084,74.01489973068237,225.2769434452057,1.0,-1,-1,-1,
25,-1,90.42806625366211,611.6066991090775,85.13543128967285,231.98987746238708,0.9999997615814209,-1,-1,-1,
25,-1,572.6651018857956,17.045553892850876,47.60146737098694,78.44532465934753,0.9999998807907104,-1,-1,-1,
25,-1,496.735063791275,413.25783812999725,66.18387937545776,226.0399181842804,1.0,-1,-1,-1,
25,-1,259.9166804552078,6.348203748464584,45.6016480922699,84.08517336845398,0.9999996423721313,-1,-1,-1,
25,-1,620.7557040452957,12.890258386731148,31.9229257106781,76.82870095968246,0.9999996423721313,-1,-1,-1,
25,-1,1089.05886054039,58.329032242298126,51.784164905548096,124.9824675321579,1.0,-1,-1,-1,
25,-1,323.2413589954376,189.02822756767273,43.685739040374756,96.04675483703613,0.9999991655349731,-1,-1,-1,
26,-1,1728.5591626167297,387.63503444194794,53.3527135848999,209.89238476753235,1.0,-1,-1,-1,
26,-1,1657.8001141548157,593.1495777368546,60.8252477645874,232.4853436946869,1.0,-1,-1,-1,
26,-1,1635.0705528259277,210.94227004051208,44.990272521972656,210.8556046485901,1.0,-1,-1,-1,
26,-1,717.1474903821945,541.9661965370178,57.34820008277893,220.65064144134521,1.0,-1,-1,-1,
26,-1,979.4349181652069,419.36250507831573,66.8236756324768,215.06500124931335,1.0,-1,-1,-1,
26,-1,1372.1212792396545,645.5479609966278,69.73418712615967,263.0754590034485,1.0,-1,-1,-1,
26,-1,563.7010896205902,495.18482887744904,69.8394513130188,211.75239157676697,1.0,-1,-1,-1,
26,-1,1188.275020122528,896.6413518190384,77.93276309967041,193.34698748588562,1.0,-1,-1,-1,
26,-1,1391.8706560134888,526.883685708046,81.28203392028809,237.82917952537537,1.0,-1,-1,-1,
26,-1,92.25091338157654,610.4406688213348,80.06320238113403,235.33722925186157,0.9999998807907104,-1,-1,-1,
26,-1,1135.415461063385,277.27562177181244,64.34836864471436,206.71638751029968,1.0,-1,-1,-1,
26,-1,360.59933066368103,631.5632788538933,78.4095311164856,128.09714949131012,0.9999986886978149,-1,-1,-1,
26,-1,506.8926537036896,422.61321687698364,61.84282064437866,223.73571825027466,1.0,-1,-1,-1,
26,-1,571.175240278244,15.221097081899643,50.24667978286743,79.98577255010605,0.9999998807907104,-1,-1,-1,
26,-1,258.93488109111786,6.142177104949951,48.09281945228577,82.17965805530548,0.9999998807907104,-1,-1,-1,
27,-1,1334.2490029335022,654.8809475898743,93.10920238494873,251.80877780914307,1.0,-1,-1,-1,
27,-1,979.1477036476135,418.853977560997,85.47244548797607,221.84228253364563,1.0,-1,-1,-1,
27,-1,1657.6190793514252,594.2210955619812,62.509567737579346,231.5791711807251,1.0,-1,-1,-1,
27,-1,566.8567657470703,490.64825963974,81.47151947021484,224.73271465301514,1.0,-1,-1,-1,
27,-1,748.8322001695633,537.0640722513199,57.28875517845154,218.6313693523407,1.0,-1,-1,-1,
27,-1,1626.8500882387161,216.27754426002502,45.73608756065369,202.37103509902954,1.0,-1,-1,-1,
27,-1,1709.1067457199097,394.80158257484436,74.20472145080566,200.51755571365356,1.0,-1,-1,-1,
27,-1,1134.8630011081696,285.56713342666626,64.26264524459839,196.35611057281494,1.0,-1,-1,-1,
27,-1,87.26828455924988,616.2358335256577,82.93232202529907,226.45018029212952,0.9999997615814209,-1,-1,-1,
27,-1,1183.5232150554657,893.7341923713684,72.94220209121704,198.14176654815674,0.9999998807907104,-1,-1,-1,
27,-1,508.51948142051697,430.00770342350006,68.47628831863403,212.47824883460999,1.0,-1,-1,-1,
27,-1,360.73986053466797,611.3123760223389,98.9352035522461,152.38313484191895,0.9999997615814209,-1,-1,-1,
27,-1,1379.447641968727,535.2030982375145,53.32158923149109,158.80543434619904,1.0,-1,-1,-1,
27,-1,578.1505483388901,16.779313534498215,46.49377942085266,79.38667863607407,0.9999998807907104,-1,-1,-1,
27,-1,265.483780503273,4.33902695775032,31.596468687057495,77.07308828830719,0.9999884366989136,-1,-1,-1,
27,-1,1087.5553965568542,59.15003442764282,54.549622535705566,123.5516871213913,0.9999998807907104,-1,-1,-1,
28,-1,1614.3751537799835,229.54248297214508,56.61842107772827,189.7867991924286,1.0,-1,-1,-1,
28,-1,1316.5189683437347,640.7110948562622,69.59306001663208,254.95700454711914,1.0,-1,-1,-1,
28,-1,1139.7652333974838,281.97302055358887,55.2519428730011,208.3123812675476,1.0,-1,-1,-1,
28,-1,750.2506220340729,540.4060295820236,93.65078687667847,212.81829285621643,1.0,-1,-1,-1,
28,-1,591.4482307434082,482.8439744710922,79.7439193725586,242.63154816627502,1.0,-1,-1,-1,
28,-1,1658.3704537153244,591.8663724660873,59.640623331069946,235.13389420509338,1.0,-1,-1,-1,
28,-1,1709.1448509693146,407.08636486530304,73.20199728012085,194.36395239830017,1.0,-1,-1,-1,
28,-1,1352.14528799057,526.0499038696289,71.4567232131958,234.08593368530273,1.0,-1,-1,-1,
28,-1,514.7332620620728,429.15724897384644,72.18031883239746,216.2262840270996,1.0,-1,-1,-1,
28,-1,1177.5186574459076,884.7820912599564,68.03717851638794,210.79853796958923,0.9999998807907104,-1,-1,-1,
28,-1,1008.3535873889923,411.3361169099808,69.18569326400757,227.229647397995,0.9999997615814209,-1,-1,-1,
28,-1,366.27739548683167,604.0710505843163,93.69707822799683,155.49969971179962,0.9999998807907104,-1,-1,-1,
28,-1,81.11364483833313,615.4169540405273,90.72899580001831,229.71966648101807,0.9999837875366211,-1,-1,-1,
28,-1,579.9562060832977,16.53933897614479,50.2145791053772,80.19060909748077,0.9999998807907104,-1,-1,-1,
28,-1,625.7779562473297,11.164358675479889,31.46834135055542,74.03915905952454,0.9999992847442627,-1,-1,-1,
28,-1,1089.9609929323196,56.78858757019043,56.251949071884155,128.81040573120117,1.0,-1,-1,-1,
29,-1,1143.2349872589111,278.1615843772888,53.5609245300293,220.4675645828247,1.0,-1,-1,-1,
29,-1,1606.1571103334427,220.98338556289673,49.49936270713806,212.1805558204651,1.0,-1,-1,-1,
29,-1,1290.0770330429077,637.9771567583084,89.19041633605957,248.26147055625916,1.0,-1,-1,-1,
29,-1,790.2815580368042,535.9180748462677,66.09841346740723,218.97324800491333,1.0,-1,-1,-1,
29,-1,1713.6555325984955,396.6779497861862,56.73213243484497,215.62238144874573,1.0,-1,-1,-1,
29,-1,1658.0516749620438,593.4258570671082,56.94451689720154,233.23505115509033,1.0,-1,-1,-1,
29,-1,1029.3876206874847,410.68946743011475,62.32400178909302,229.46459484100342,0.9999998807907104,-1,-1,-1,
29,-1,1167.8630232810974,873.2947618961334,78.8615083694458,226.73748350143433,1.0,-1,-1,-1,
29,-1,616.869056224823,474.23793947696686,71.75581455230713,248.5493724346161,1.0,-1,-1,-1,
29,-1,1326.453673839569,524.5579755306244,76.52182102203369,224.96302843093872,1.0,-1,-1,-1,
29,-1,395.6935715675354,588.6505476236343,61.24427318572998,175.25798964500427,0.9999996423721313,-1,-1,-1,
29,-1,81.66820049285889,617.174742937088,90.54119110107422,227.28323793411255,0.999998927116394,-1,-1,-1,
29,-1,518.4360480308533,441.31791043281555,70.81688404083252,210.3249135017395,1.0,-1,-1,-1,
29,-1,582.4664121866226,13.123040467500687,50.36861300468445,82.86973035335541,0.9999998807907104,-1,-1,-1,
29,-1,626.800149679184,11.273362308740616,33.58376741409302,76.30227291584015,0.9999990463256836,-1,-1,-1,
30,-1,1593.0837178230286,229.81694054603577,50.811095237731934,200.1341757774353,1.0,-1,-1,-1,
30,-1,1162.0117342472076,869.7159698009491,102.81292676925659,224.56728887557983,1.0,-1,-1,-1,
30,-1,1714.8464977741241,407.43540823459625,66.95495367050171,201.89737200737,1.0,-1,-1,-1,
30,-1,1041.9763362407684,414.89193427562714,70.3140664100647,214.08445858955383,1.0,-1,-1,-1,
30,-1,1264.287132024765,640.1942052841187,92.66314744949341,238.4380645751953,1.0,-1,-1,-1,
30,-1,639.2055201530457,478.58971309661865,80.09535312652588,229.68776321411133,0.9999998807907104,-1,-1,-1,
30,-1,1654.7526955604553,592.8500275611877,55.62041759490967,233.69598770141602,1.0,-1,-1,-1,
30,-1,1141.3260143995285,301.84812819957733,54.93097901344299,174.21553301811218,1.0,-1,-1,-1,
30,-1,827.362893819809,534.1227468252182,57.20940828323364,217.0448191165924,1.0,-1,-1,-1,
30,-1,378.24490427970886,600.6345695257187,88.67233514785767,165.83451390266418,0.9999998807907104,-1,-1,-1,
30,-1,1304.8087334632874,525.71921646595,59.07058238983154,229.82547640800476,1.0,-1,-1,-1,
30,-1,536.1551642417908,438.36559009552,55.82237720489502,219.40726375579834,0.9999969005584717,-1,-1,-1,
30,-1,583.0317914485931,14.962954849004745,49.15969133377075,81.3940497636795,1.0,-1,-1,-1,
30,-1,72.7465832233429,616.7197705507278,99.75269079208374,223.54763960838318,0.9999890327453613,-1,-1,-1,
30,-1,627.7551358938217,9.866931796073914,32.725621461868286,72.9511649608612,0.9999991655349731,-1,-1,-1,
31,-1,836.9420993328094,534.6065422296524,78.89633417129517,216.81133818626404,1.0,-1,-1,-1,
31,-1,1182.3841273784637,860.5550233125687,83.77895593643188,233.74718356132507,1.0,-1,-1,-1,
31,-1,1713.3398365974426,414.84663820266724,67.16882228851318,197.16686296463013,1.0,-1,-1,-1,
31,-1,1648.9104330539703,591.9186691045761,61.047770977020264,234.99260830879211,1.0,-1,-1,-1,
31,-1,1245.1113152503967,611.707864522934,74.94605541229248,261.8202624320984,1.0,-1,-1,-1,
31,-1,1139.4517314434052,277.06349980831146,54.173548221588135,244.26139569282532,1.0,-1,-1,-1,
31,-1,1578.5348635911942,225.806649684906,48.80559325218201,207.20325994491577,1.0,-1,-1,-1,
31,-1,652.6899111270905,471.6239025592804,68.48854780197144,250.21736097335815,0.9999997615814209,-1,-1,-1,
31,-1,1052.9416108131409,420.66561448574066,79.3928861618042,209.8393156528473,1.0,-1,-1,-1,
31,-1,386.19865894317627,600.2893563508987,91.01128578186035,166.82131361961365,0.9999998807907104,-1,-1,-1,
31,-1,1283.4016513824463,527.9423063993454,71.16559982299805,217.69431710243225,0.9999998807907104,-1,-1,-1,
31,-1,583.4048938751221,18.98338606953621,49.65391159057617,77.0878763794899,0.9999998807907104,-1,-1,-1,
31,-1,537.4178123474121,437.808998465538,68.54301452636719,221.0562880039215,0.9999998807907104,-1,-1,-1,
31,-1,61.90592408180237,618.596804022789,111.97510957717896,222.16649079322815,0.9999818801879883,-1,-1,-1,
31,-1,627.5007802248001,9.647191286087036,32.7838933467865,71.26418316364288,0.9999995231628418,-1,-1,-1,
32,-1,1567.856063246727,237.4259533882141,53.03184628486633,203.80641174316406,1.0,-1,-1,-1,
32,-1,1643.953732252121,576.685718536377,66.85526132583618,251.9363136291504,1.0,-1,-1,-1,
32,-1,1713.4489703178406,415.1662598848343,65.2685022354126,200.58254027366638,1.0,-1,-1,-1,
32,-1,1216.3089609146118,613.479342341423,93.52023124694824,258.1310513019562,1.0,-1,-1,-1,
32,-1,1141.6798782348633,284.40277683734894,53.59794616699219,228.6933352947235,1.0,-1,-1,-1,
32,-1,1192.9527282714844,862.0312607288361,75.25154113769531,226.67947053909302,0.9999996423721313,-1,-1,-1,
32,-1,668.2934260368347,473.3064329624176,76.8484354019165,246.1311936378479,1.0,-1,-1,-1,
32,-1,880.7816183567047,538.8276515007019,44.757564067840576,152.68826293945312,0.9999995231628418,-1,-1,-1,
32,-1,1086.4132153987885,412.26492297649384,63.74255418777466,215.2661154270172,1.0,-1,-1,-1,
32,-1,546.3766694068909,439.42896151542664,71.9493055343628,220.30785512924194,0.9999996423721313,-1,-1,-1,
32,-1,1259.7778952121735,526.8142626285553,72.97137022018433,213.5437445640564,1.0,-1,-1,-1,
32,-1,583.6754447221756,12.631997466087341,51.940873861312866,84.5995169878006,1.0,-1,-1,-1,
32,-1,417.80551314353943,597.1396136283875,60.51989793777466,168.29745769500732,0.9999991655349731,-1,-1,-1,
32,-1,66.72544956207275,619.0940855741501,107.02686309814453,223.32018399238586,0.9999914169311523,-1,-1,-1,
32,-1,630.6044661998749,9.142783641815186,33.35645914077759,72.06305873394012,0.9999992847442627,-1,-1,-1,
32,-1,268.7840688228607,5.707149088382721,43.3916974067688,81.68977296352386,0.9999996423721313,-1,-1,-1,
33,-1,1145.722063779831,283.9166157245636,55.24791955947876,234.68050861358643,1.0,-1,-1,-1,
33,-1,1641.3015174865723,576.7198297977448,65.20214080810547,249.7388892173767,1.0,-1,-1,-1,
33,-1,1558.7454450130463,240.24290370941162,48.645737171173096,205.7543649673462,1.0,-1,-1,-1,
33,-1,1719.2450380325317,414.3541170358658,63.35349082946777,203.80237555503845,0.9999998807907104,-1,-1,-1,
33,-1,1202.3526120185852,617.4429337978363,79.39237117767334,245.13462209701538,1.0,-1,-1,-1,
33,-1,1202.4024510383606,854.3356790542603,76.98327541351318,239.71574020385742,1.0,-1,-1,-1,
33,-1,902.6936960220337,535.2962926626205,67.63758659362793,210.42207169532776,0.9999997615814209,-1,-1,-1,
33,-1,1103.4672045707703,410.4213892221451,60.8574914932251,228.9685299396515,1.0,-1,-1,-1,
33,-1,550.4881596565247,449.8539333343506,71.58750057220459,214.3412103652954,0.9999998807907104,-1,-1,-1,
33,-1,1244.1099393367767,531.7958135604858,57.32814073562622,160.9767780303955,1.0,-1,-1,-1,
33,-1,693.683967590332,470.3873065710068,67.17967987060547,249.73299908638,1.0,-1,-1,-1,
33,-1,375.8665859699249,604.0291035175323,115.29422521591187,165.4259705543518,0.9999998807907104,-1,-1,-1,
33,-1,586.1057084798813,16.847758948802948,49.03968930244446,79.9817653298378,1.0,-1,-1,-1,
33,-1,78.22304606437683,616.1311404705048,97.87392854690552,225.64002656936646,0.999991774559021,-1,-1,-1,
34,-1,1547.9925441741943,231.56922554969788,51.45120620727539,229.78756713867188,1.0,-1,-1,-1,
34,-1,1635.527708530426,573.9695602655411,65.92959880828857,248.22431445121765,1.0,-1,-1,-1,
34,-1,1185.7258808612823,601.6901421546936,81.44122838973999,256.09941959381104,1.0,-1,-1,-1,
34,-1,1731.2448370456696,415.46440029144287,65.8160662651062,211.12620306015015,1.0,-1,-1,-1,
34,-1,1227.7829325199127,834.014234662056,68.66844892501831,266.92835783958435,1.0,-1,-1,-1,
34,-1,1119.430958032608,416.07285726070404,79.86305952072144,208.9751079082489,1.0,-1,-1,-1,
34,-1,900.3050673007965,534.3447918891907,96.8927264213562,212.55771732330322,0.9999998807907104,-1,-1,-1,
34,-1,719.5535409450531,468.30351662635803,61.934101581573486,245.98025178909302,1.0,-1,-1,-1,
34,-1,375.372998714447,591.0851544141769,123.54319095611572,178.5456097126007,0.9999998807907104,-1,-1,-1,
34,-1,82.7279806137085,614.7854129076004,93.34124565124512,233.7707440853119,0.9999998807907104,-1,-1,-1,
34,-1,559.8374658823013,432.85794746875763,56.3709819316864,229.52506041526794,0.9999985694885254,-1,-1,-1,
34,-1,1151.2049013376236,314.38266652822495,54.56727862358093,150.33349478244781,0.9999997615814209,-1,-1,-1,
34,-1,586.8939596414566,17.344424933195114,48.410528898239136,80.12846338748932,1.0,-1,-1,-1,
34,-1,1231.395857334137,523.9778072834015,62.606234550476074,236.0369381904602,1.0,-1,-1,-1,
35,-1,1628.4336876869202,574.6123312711716,62.64846324920654,241.84107327461243,1.0,-1,-1,-1,
35,-1,1235.047870874405,837.776399731636,94.8408579826355,259.62753081321716,1.0,-1,-1,-1,
35,-1,1161.1246490478516,602.9852049350739,103.36463928222656,250.00508451461792,1.0,-1,-1,-1,
35,-1,1537.4539375305176,250.74887609481812,50.376319885253906,196.6371374130249,1.0,-1,-1,-1,
35,-1,736.7365264892578,463.3982573747635,70.7303237915039,253.9181592464447,0.9999998807907104,-1,-1,-1,
35,-1,1736.4668655395508,411.2536679506302,65.4693603515625,217.37713837623596,0.9999998807907104,-1,-1,-1,
35,-1,955.6201028823853,528.1148196458817,60.57085990905762,220.6214997768402,0.9999998807907104,-1,-1,-1,
35,-1,425.8604371547699,572.6762323379517,82.80463457107544,202.68261337280273,1.0,-1,-1,-1,
35,-1,1157.9368114471436,312.68873727321625,54.681644439697266,155.733074426651,0.9999997615814209,-1,-1,-1,
35,-1,565.1246774196625,457.3604224920273,63.532612323760986,215.32080674171448,1.0,-1,-1,-1,
35,-1,74.49689626693726,623.5903798341751,102.09799289703369,222.0790078639984,0.9999998807907104,-1,-1,-1,
35,-1,586.5236359834671,17.17300119996071,47.96751379966736,79.53214073181152,0.9999998807907104,-1,-1,-1,
35,-1,1206.0744827985764,527.0018488168716,51.7683470249176,172.27290987968445,1.0,-1,-1,-1,
35,-1,1139.4493979215622,403.052716255188,55.14318108558655,250.10596990585327,0.9999997615814209,-1,-1,-1,
35,-1,634.1215646266937,9.197721183300018,31.300556659698486,70.05214869976044,0.9999990463256836,-1,-1,-1,
35,-1,276.6700083017349,6.462116628885269,49.56718325614929,82.82623994350433,0.9999998807907104,-1,-1,-1,
36,-1,1606.6859579086304,570.0517154932022,71.79699897766113,243.00940489768982,1.0,-1,-1,-1,
36,-1,1274.2051756381989,828.2227778434753,68.4744143486023,265.9063911437988,1.0,-1,-1,-1,
36,-1,970.6217801570892,529.6027246713638,79.88238573074341,218.04699110984802,0.9999996423721313,-1,-1,-1,
36,-1,1745.6079125404358,414.9822303056717,63.88076305389404,210.8858664035797,1.0,-1,-1,-1,
36,-1,1160.65633893013,314.7288179397583,57.68672704696655,152.4898910522461,0.9999997615814209,-1,-1,-1,
36,-1,567.5967049598694,459.842636346817,65.66432476043701,223.9146237373352,1.0,-1,-1,-1,
36,-1,1138.6879098415375,594.6207168102264,73.52971315383911,248.9470238685608,1.0,-1,-1,-1,
36,-1,453.73696088790894,545.8685595989227,81.60093784332275,228.3036789894104,1.0,-1,-1,-1,
36,-1,758.0833232402802,467.2759977579117,61.9882607460022,245.7688443660736,0.9999998807907104,-1,-1,-1,
36,-1,1187.2782289981842,522.0552524328232,68.91186475753784,227.81777215003967,1.0,-1,-1,-1,
36,-1,1525.7279688119888,252.01583683490753,43.382853269577026,192.54249215126038,1.0,-1,-1,-1,
36,-1,1159.5060914754868,430.4252831339836,53.55472683906555,151.73878347873688,1.0,-1,-1,-1,
36,-1,585.0989985466003,18.510949283838272,49.80867862701416,76.56236565113068,0.9999996423721313,-1,-1,-1,
36,-1,66.28231644630432,625.4815979003906,109.03476476669312,217.9055700302124,0.9999755620956421,-1,-1,-1,
36,-1,276.52253329753876,6.3117839097976685,51.34677529335022,82.59834015369415,0.9999998807907104,-1,-1,-1,
37,-1,1596.8438565731049,565.5189635753632,70.85597276687622,250.75577688217163,1.0,-1,-1,-1,
37,-1,999.5971512794495,520.8101044893265,88.63009929656982,225.32495284080505,1.0,-1,-1,-1,
37,-1,1112.655029296875,589.1747242212296,92.60238647460938,254.5389211177826,1.0,-1,-1,-1,
37,-1,464.09008741378784,537.4595446586609,88.98237705230713,237.32407665252686,1.0,-1,-1,-1,
37,-1,1296.0234475135803,812.9721987247467,59.266276359558105,278.74784231185913,1.0,-1,-1,-1,
37,-1,1511.0274106264114,262.9917644262314,52.4420964717865,192.1847584247589,1.0,-1,-1,-1,
37,-1,568.8685727119446,461.1432545185089,73.04547786712646,223.31139707565308,1.0,-1,-1,-1,
37,-1,1759.8286592960358,423.1555724143982,59.80168104171753,204.86590147018433,0.9999998807907104,-1,-1,-1,
37,-1,771.3468539714813,462.9349744319916,63.999788761138916,248.49767446517944,0.9999996423721313,-1,-1,-1,
37,-1,1165.423160791397,318.83899319171906,56.14426374435425,163.07225489616394,1.0,-1,-1,-1,
37,-1,76.13038659095764,621.4340447187424,97.99822568893433,226.13470101356506,0.9999979734420776,-1,-1,-1,
37,-1,1162.9681992530823,411.83350467681885,70.7081937789917,223.34581089019775,1.0,-1,-1,-1,
37,-1,586.006835103035,19.356854170560837,46.89208388328552,76.38472992181778,0.9999994039535522,-1,-1,-1,
37,-1,278.37861835956573,4.912961483001709,46.666492223739624,81.3105161190033,0.9999998807907104,-1,-1,-1,
37,-1,1098.4162241220474,57.76881641149521,56.49457812309265,125.5411319732666,0.9999998807907104,-1,-1,-1,
38,-1,1033.9958453178406,519.1161156892776,68.86789798736572,224.72025847434998,1.0,-1,-1,-1,
38,-1,1777.5712895393372,424.51140332221985,68.16949367523193,205.00680112838745,1.0,-1,-1,-1,
38,-1,1500.3591656684875,247.85937094688416,49.606146812438965,228.59208297729492,1.0,-1,-1,-1,
38,-1,1591.291896700859,566.336719751358,58.62996697425842,242.05197858810425,1.0,-1,-1,-1,
38,-1,1306.9059312343597,813.9220418930054,79.51966524124146,273.7560625076294,1.0,-1,-1,-1,
38,-1,497.2259044647217,533.5716172456741,63.18803787231445,228.28569960594177,1.0,-1,-1,-1,
38,-1,574.5451891422272,469.06701278686523,74.16928052902222,213.0466947555542,1.0,-1,-1,-1,
38,-1,787.2920858860016,458.31146943569183,71.69249296188354,258.1268026828766,0.9999994039535522,-1,-1,-1,
38,-1,1115.7954382896423,553.2209719419479,76.96465015411377,282.5256178379059,1.0,-1,-1,-1,
38,-1,1172.244252562523,325.23049342632294,57.14227795600891,147.76718401908875,0.9999998807907104,-1,-1,-1,
38,-1,75.35075426101685,618.8825590610504,99.11383152008057,227.7181420326233,0.9999932050704956,-1,-1,-1,
38,-1,633.5453295707703,9.46265959739685,33.3422327041626,70.25578308105469,0.9999997615814209,-1,-1,-1,
38,-1,1176.7577862739563,413.943053483963,73.91408443450928,202.008318901062,0.9999998807907104,-1,-1,-1,
38,-1,585.4730719327927,20.24539813399315,48.065582513809204,75.44857084751129,0.9999990463256836,-1,-1,-1,
38,-1,279.2648112773895,4.6559683084487915,46.48683786392212,80.79312604665756,0.9999998807907104,-1,-1,-1,
38,-1,1104.1669964790344,57.89282941818237,51.20763301849365,120.68705570697784,0.9999998807907104,-1,-1,-1,
39,-1,1574.238839149475,570.292557477951,65.70101737976074,229.03861284255981,1.0,-1,-1,-1,
39,-1,1349.1172528266907,813.9180958271027,68.77088069915771,268.14058542251587,1.0,-1,-1,-1,
39,-1,513.1494963169098,538.3991203308105,90.46160459518433,224.5776014328003,1.0,-1,-1,-1,
39,-1,1797.4269604682922,422.59367322921753,60.71286678314209,204.15680694580078,0.9999998807907104,-1,-1,-1,
39,-1,1190.5630731582642,416.8832137584686,80.25492668151855,198.3108229637146,1.0,-1,-1,-1,
39,-1,1183.5839241743088,329.01016956567764,56.03413224220276,147.41664397716522,1.0,-1,-1,-1,
39,-1,1496.2504202127457,252.18905818462372,45.55557131767273,232.122704744339,1.0,-1,-1,-1,
39,-1,1079.9292254447937,544.7335667610168,79.96843814849854,287.286678314209,1.0,-1,-1,-1,
39,-1,80.43107271194458,618.9039598703384,93.5857343673706,231.18997836112976,0.9999997615814209,-1,-1,-1,
39,-1,799.8331761360168,440.06060242652893,61.56899929046631,265.7470679283142,1.0,-1,-1,-1,
39,-1,1109.2729657888412,59.407111287117004,47.28193402290344,112.38067710399628,1.0,-1,-1,-1,
39,-1,583.4700000286102,476.841908454895,78.37505578994751,200.2357177734375,1.0,-1,-1,-1,
39,-1,1049.203780889511,526.7440638542175,77.9792332649231,228.12983322143555,0.9999997615814209,-1,-1,-1,
39,-1,1127.502200603485,519.676341176033,69.08762454986572,247.9684703350067,0.9999998807907104,-1,-1,-1,
39,-1,281.3789713382721,5.2728002071380615,45.88309049606323,80.54126983880997,0.9999998807907104,-1,-1,-1,
40,-1,1555.424484014511,559.7876054048538,69.58407640457153,239.2373263835907,1.0,-1,-1,-1,
40,-1,1353.4007477760315,811.1153172254562,90.9962797164917,274.22520661354065,1.0,-1,-1,-1,
40,-1,1483.6520755290985,262.52116227149963,44.42970514297485,215.91111373901367,1.0,-1,-1,-1,
40,-1,1198.640831708908,330.29452389478683,53.219053745269775,140.86382496356964,1.0,-1,-1,-1,
40,-1,1193.5203516483307,414.46182918548584,76.69441938400269,204.41272830963135,1.0,-1,-1,-1,
40,-1,547.5092160701752,538.9192028045654,78.06975603103638,226.4653787612915,1.0,-1,-1,-1,
40,-1,1811.8857407569885,421.0498538017273,60.539889335632324,203.282479763031,1.0,-1,-1,-1,
40,-1,817.161580324173,436.6385940313339,67.27435827255249,272.1622316837311,1.0,-1,-1,-1,
40,-1,1062.1871209144592,565.0201499462128,79.42161083221436,254.5009732246399,1.0,-1,-1,-1,
40,-1,1112.4475693702698,518.173253774643,75.16612529754639,252.10181665420532,1.0,-1,-1,-1,
40,-1,1113.6275374889374,57.791982650756836,43.830435276031494,123.99241375923157,1.0,-1,-1,-1,
40,-1,77.17982411384583,617.5712646245956,96.23660802841187,230.3603003025055,0.999998927116394,-1,-1,-1,
40,-1,635.2264201641083,7.061369866132736,34.443933963775635,70.22204518318176,0.9999994039535522,-1,-1,-1,
40,-1,281.1297333240509,4.693970113992691,46.36628866195679,80.15232807397842,0.9999998807907104,-1,-1,-1,
41,-1,1539.7725892066956,545.9696799516678,57.08308696746826,254.46553587913513,1.0,-1,-1,-1,
41,-1,1103.9686524868011,518.0268630981445,81.87875032424927,237.21067714691162,1.0,-1,-1,-1,
41,-1,1470.0629425048828,267.83860194683075,51.421966552734375,204.48586249351501,1.0,-1,-1,-1,
41,-1,1047.096083164215,577.0505043268204,85.24837017059326,235.52264285087585,1.0,-1,-1,-1,
41,-1,581.6959404945374,521.7067530155182,64.05883312225342,245.22561979293823,1.0,-1,-1,-1,
41,-1,1400.2489632368088,800.597004532814,56.69605851173401,277.85395216941833,1.0,-1,-1,-1,
41,-1,1194.2283117771149,411.074614405632,68.06208372116089,203.5194947719574,1.0,-1,-1,-1,
41,-1,812.3374092578888,434.7114397287369,70.51515340805054,267.7935311794281,1.0,-1,-1,-1,
41,-1,1205.8322632312775,331.47334027290344,53.65079641342163,142.46905946731567,1.0,-1,-1,-1,
41,-1,1821.029373407364,429.4155263900757,77.94079542160034,189.15952920913696,0.9999998807907104,-1,-1,-1,
41,-1,854.0573573112488,472.20253229141235,82.6089334487915,232.07000255584717,0.999998927116394,-1,-1,-1,
41,-1,77.0301604270935,616.2337574958801,98.42349529266357,232.47848796844482,0.9999984502792358,-1,-1,-1,
41,-1,1115.0961810350418,58.5119224190712,41.00255370140076,114.69638693332672,1.0,-1,-1,-1,
41,-1,607.1857237815857,482.5806534290314,67.17846393585205,141.36449575424194,0.999998927116394,-1,-1,-1,
41,-1,281.33213996887207,6.515853613615036,46.410484313964844,81.86964404582977,0.9999996423721313,-1,-1,-1,
42,-1,1461.0158532857895,284.84437251091003,51.640015840530396,189.8108811378479,1.0,-1,-1,-1,
42,-1,1518.3681285381317,546.5942140817642,79.87423181533813,246.58179831504822,1.0,-1,-1,-1,
42,-1,1034.52272772789,575.7809332609177,88.24687242507935,235.83422112464905,1.0,-1,-1,-1,
42,-1,600.0940454006195,531.163580417633,79.31950807571411,234.06492233276367,1.0,-1,-1,-1,
42,-1,1121.6075885295868,525.2740931510925,77.15225458145142,212.67969131469727,1.0,-1,-1,-1,
42,-1,1214.6106791496277,331.40560215711594,55.17813205718994,143.59414207935333,1.0,-1,-1,-1,
42,-1,1410.7291531562805,803.64586186409,83.92468929290771,271.24872064590454,1.0,-1,-1,-1,
42,-1,1193.8694822788239,414.3199220895767,73.94881010055542,193.7261574268341,0.9999998807907104,-1,-1,-1,
42,-1,874.5592081546783,469.28729724884033,85.84568738937378,235.71269130706787,0.9999992847442627,-1,-1,-1,
42,-1,822.0269572734833,438.9597691297531,62.66369104385376,219.47842812538147,1.0,-1,-1,-1,
42,-1,611.805145740509,494.90756142139435,67.0416784286499,99.94356894493103,0.9999992847442627,-1,-1,-1,
42,-1,1845.595178604126,419.5438084602356,56.31986618041992,185.06969261169434,0.9999954700469971,-1,-1,-1,
42,-1,1111.0146528482437,61.11170071363449,46.10088229179382,106.6732850074768,1.0,-1,-1,-1,
42,-1,78.93633842468262,617.7759901285172,93.63475799560547,233.2512538433075,0.9999983310699463,-1,-1,-1,
42,-1,1086.5835356712341,521.2271676063538,49.2753267288208,183.33239364624023,0.9999992847442627,-1,-1,-1,
42,-1,282.3143792152405,6.179350912570953,48.77061367034912,81.48696899414062,0.9999998807907104,-1,-1,-1,
43,-1,1505.7786548137665,552.3910975456238,79.5978569984436,234.27387714385986,1.0,-1,-1,-1,
43,-1,1431.9376015663147,797.4792133569717,83.7712812423706,265.85214400291443,1.0,-1,-1,-1,
43,-1,1446.1401271820068,279.07307410240173,51.771183013916016,214.15643405914307,1.0,-1,-1,-1,
43,-1,831.1435961723328,430.692155957222,69.69336032867432,234.26721453666687,1.0,-1,-1,-1,
43,-1,1161.706566810608,518.3211218118668,65.9278392791748,219.92843413352966,1.0,-1,-1,-1,
43,-1,1019.0060305595398,563.6009405851364,70.31534671783447,241.24124550819397,1.0,-1,-1,-1,
43,-1,888.4807026386261,470.4574956893921,86.05960607528687,231.34016704559326,0.9999988079071045,-1,-1,-1,
43,-1,1220.2090001106262,335.8884521126747,51.668944358825684,140.6990751028061,1.0,-1,-1,-1,
43,-1,1187.454628944397,412.75345945358276,80.73786735534668,192.14453172683716,0.9999998807907104,-1,-1,-1,
43,-1,1867.8193563222885,420.6359578371048,49.9620258808136,182.5386164188385,0.9999816417694092,-1,-1,-1,
43,-1,629.0010094642639,521.2734775543213,62.11860179901123,232.6272668838501,1.0,-1,-1,-1,
43,-1,76.3049590587616,616.8363146781921,98.62866640090942,230.96142196655273,0.999996542930603,-1,-1,-1,
43,-1,1102.0452851057053,60.140899300575256,56.621328592300415,119.12849807739258,1.0,-1,-1,-1,
43,-1,1068.5547441244125,528.3045301437378,49.42615628242493,170.70124912261963,0.9999997615814209,-1,-1,-1,
43,-1,621.3289994001389,494.9268089532852,52.388960123062134,111.85476565361023,0.9999979734420776,-1,-1,-1,
43,-1,280.8472841978073,4.696593314409256,46.06395363807678,79.90190094709396,0.9999998807907104,-1,-1,-1,
44,-1,1442.809848189354,284.43611884117126,50.172539949417114,207.59772491455078,1.0,-1,-1,-1,
44,-1,644.5247232913971,525.2652547359467,72.90138959884644,236.06065320968628,1.0,-1,-1,-1,
44,-1,1486.8617570400238,795.9382939338684,69.14124727249146,261.6813325881958,1.0,-1,-1,-1,
44,-1,1178.5530817508698,525.7979092597961,83.95363569259644,205.65386581420898,1.0,-1,-1,-1,
44,-1,1235.5786210298538,325.29101371765137,49.68778967857361,201.04040622711182,1.0,-1,-1,-1,
44,-1,1494.5392227172852,552.8558385372162,58.222503662109375,229.67397451400757,1.0,-1,-1,-1,
44,-1,901.5456354618073,464.51199424266815,94.26728010177612,247.12226128578186,0.9999996423721313,-1,-1,-1,
44,-1,1182.4252545833588,398.97092950344086,78.73980760574341,217.868394613266,1.0,-1,-1,-1,
44,-1,843.9392709732056,432.41064190864563,70.2652645111084,229.69985246658325,1.0,-1,-1,-1,
44,-1,72.17489361763,618.8186881542206,101.66085004806519,228.33511877059937,0.9999974966049194,-1,-1,-1,
44,-1,1034.9000787734985,527.4611567258835,73.18522453308105,247.08193802833557,1.0,-1,-1,-1,
44,-1,977.7455520629883,560.1361820697784,93.64494323730469,232.13917779922485,0.9999995231628418,-1,-1,-1,
44,-1,1881.9479978084564,388.0231200456619,38.04347276687622,249.1747691631317,0.9999743700027466,-1,-1,-1,
44,-1,635.1075750589371,492.4272707104683,50.24639010429382,114.93591248989105,0.9999994039535522,-1,-1,-1,
44,-1,279.98361468315125,6.0815304815769196,47.69418954849243,82.93403899669647,0.9999998807907104,-1,-1,-1,
44,-1,1094.8856914043427,62.81294596195221,51.585352420806885,110.36882078647614,0.9999997615814209,-1,-1,-1,
45,-1,1493.3671009540558,790.0258415937424,98.82114171981812,269.10260796546936,1.0,-1,-1,-1,
45,-1,1461.7415606975555,538.5702044963837,75.37292718887329,244.7987494468689,1.0,-1,-1,-1,
45,-1,1432.9205864667892,281.64762783050537,49.769636392593384,217.73044967651367,1.0,-1,-1,-1,
45,-1,1245.878056883812,316.35528588294983,47.77185559272766,223.41668558120728,1.0,-1,-1,-1,
45,-1,664.5215249061584,530.2978566884995,85.6748914718628,221.90879273414612,1.0,-1,-1,-1,
45,-1,952.9639506340027,554.1084183454514,107.231125831604,236.05499482154846,0.9999997615814209,-1,-1,-1,
45,-1,1195.901969075203,406.28555166721344,58.80504012107849,163.9324071407318,1.0,-1,-1,-1,
45,-1,75.42857050895691,610.5019100904465,101.37816667556763,239.84908890724182,0.9999996423721313,-1,-1,-1,
45,-1,641.4462769031525,475.4419047832489,57.0987868309021,191.5674147605896,0.9999967813491821,-1,-1,-1,
45,-1,931.6184270381927,460.483402132988,86.775963306427,207.52706265449524,0.9999997615814209,-1,-1,-1,
45,-1,1028.3838844299316,532.576188325882,65.6850814819336,229.4073929786682,1.0,-1,-1,-1,
45,-1,874.5900803804398,423.5836755037308,58.6211621761322,224.46943545341492,1.0,-1,-1,-1,
45,-1,1207.6284170150757,508.0933245420456,60.76901435852051,220.63837838172913,0.9999998807907104,-1,-1,-1,
45,-1,1089.0916800498962,58.834696769714355,54.36142444610596,123.23615956306458,1.0,-1,-1,-1,
45,-1,281.54202461242676,5.1788671016693115,47.52388000488281,80.9098761677742,0.9999998807907104,-1,-1,-1,
45,-1,1896.7416447401047,409.95680272579193,21.9906485080719,203.64973425865173,0.9999916553497314,-1,-1,-1,
46,-1,1425.2659893035889,291.784227848053,54.721012115478516,219.55901670455933,1.0,-1,-1,-1,
46,-1,1552.193174958229,786.325658082962,55.79820513725281,280.05224561691284,1.0,-1,-1,-1,
46,-1,1451.57945394516,547.6657447814941,70.40638446807861,244.5082597732544,1.0,-1,-1,-1,
46,-1,945.6927502155304,556.6301701068878,77.84858465194702,235.49326944351196,0.9999998807907104,-1,-1,-1,
46,-1,1196.7458939552307,404.6965230703354,65.90487957000732,208.66125082969666,1.0,-1,-1,-1,
46,-1,1028.100539445877,532.0511459112167,58.405702114105225,238.37420010566711,1.0,-1,-1,-1,
46,-1,1234.36449944973,514.9086019992828,53.933125734329224,225.62913465499878,0.9999998807907104,-1,-1,-1,
46,-1,899.2716765403748,432.88445949554443,60.010342597961426,227.11225032806396,1.0,-1,-1,-1,
46,-1,650.6252771615982,494.0328769683838,59.5313823223114,234.10076522827148,1.0,-1,-1,-1,
46,-1,715.2396440505981,533.1820060014725,61.95296287536621,221.95247626304626,0.9999998807907104,-1,-1,-1,
46,-1,1256.2305629253387,339.17234337329865,48.14640283584595,185.55722165107727,0.9999997615814209,-1,-1,-1,
46,-1,73.7605619430542,622.5141531229019,97.70027160644531,227.27900862693787,0.9999983310699463,-1,-1,-1,
46,-1,958.5753893852234,481.99035930633545,60.27292728424072,146.56839752197266,0.9999997615814209,-1,-1,-1,
46,-1,284.07245457172394,10.115016549825668,42.38010764122009,95.81862330436707,0.9999998807907104,-1,-1,-1,
46,-1,1091.2524962425232,61.479880571365356,44.62376117706299,143.48334002494812,0.9999998807907104,-1,-1,-1,
47,-1,1414.9548929929733,303.49130415916443,55.95714211463928,213.43301010131836,1.0,-1,-1,-1,
47,-1,1239.8477053642273,511.4930148124695,74.22625064849854,228.23241806030273,1.0,-1,-1,-1,
47,-1,1191.8861389160156,407.5855550765991,71.59675598144531,207.4133734703064,1.0,-1,-1,-1,
47,-1,1434.415225982666,539.2017198801041,62.626991271972656,243.44392275810242,1.0,-1,-1,-1,
47,-1,1558.7170922756195,785.3131928443909,92.18358278274536,272.81904888153076,1.0,-1,-1,-1,
47,-1,715.5028939247131,532.8023661375046,86.7943525314331,222.06660962104797,1.0,-1,-1,-1,
47,-1,1008.8073205947876,533.3407852649689,65.91364860534668,239.11077547073364,1.0,-1,-1,-1,
47,-1,1261.561262011528,343.2654082775116,49.96547341346741,177.28946685791016,1.0,-1,-1,-1,
47,-1,926.8876719474792,546.5600159168243,86.56126499176025,245.59756708145142,1.0,-1,-1,-1,
47,-1,56.40603303909302,625.1108382940292,113.5105562210083,223.40863251686096,0.999998927116394,-1,-1,-1,
47,-1,653.5923957824707,494.77263879776,55.76305389404297,230.02649402618408,1.0,-1,-1,-1,
47,-1,906.4325094223022,433.3364417552948,71.24150276184082,230.41647863388062,1.0,-1,-1,-1,
47,-1,966.9766223430634,481.6655121445656,72.33864068984985,139.09769332408905,0.9999977350234985,-1,-1,-1,
47,-1,1076.7992198467255,63.767008781433105,52.72587060928345,137.155659198761,0.9999998807907104,-1,-1,-1,
47,-1,280.68334579467773,10.698242515325546,44.25270080566406,100.20675158500671,0.9999998807907104,-1,-1,-1,
47,-1,633.5664063692093,4.416052088141441,31.09892249107361,76.28406178951263,0.999997615814209,-1,-1,-1,
48,-1,1401.6504299640656,305.43401741981506,55.342862606048584,209.44259119033813,1.0,-1,-1,-1,
48,-1,1197.8189527988434,410.4162586927414,69.36957120895386,207.78603529930115,1.0,-1,-1,-1,
48,-1,1059.940121769905,69.47929161787033,56.22044920921326,130.39279425144196,1.0,-1,-1,-1,
48,-1,1404.5238518714905,539.9478224515915,73.3177900314331,240.55443692207336,1.0,-1,-1,-1,
48,-1,659.4827020168304,492.25990891456604,60.95299959182739,243.16449880599976,1.0,-1,-1,-1,
48,-1,739.4944167137146,531.9614549875259,75.85022449493408,213.04551672935486,1.0,-1,-1,-1,
48,-1,1588.017007112503,786.9830321073532,67.79197454452515,262.46734642982483,0.9999996423721313,-1,-1,-1,
48,-1,902.7005767822266,536.7745192050934,83.80897521972656,242.6651701927185,1.0,-1,-1,-1,
48,-1,983.4152698516846,508.0690977573395,71.28942489624023,261.8296866416931,1.0,-1,-1,-1,
48,-1,1261.9948983192444,510.446023106575,63.718485832214355,231.66420149803162,1.0,-1,-1,-1,
48,-1,922.3683965206146,446.794192135334,51.13093614578247,159.92430818080902,0.9999997615814209,-1,-1,-1,
48,-1,1258.6008542776108,346.80143094062805,53.42558026313782,171.51794958114624,1.0,-1,-1,-1,
48,-1,47.66063332557678,622.1489553451538,110.45380353927612,224.69007396697998,0.9999716281890869,-1,-1,-1,
48,-1,577.8036975860596,30.964835464954376,39.78738784790039,73.81634795665741,0.9999802112579346,-1,-1,-1,
48,-1,626.4724659919739,4.6096382439136505,32.12094783782959,77.49489891529083,0.9999994039535522,-1,-1,-1,
48,-1,265.28352677822113,13.685603499412537,46.025716066360474,105.41075956821442,0.9999995231628418,-1,-1,-1,
48,-1,328.1746029853821,192.08574789762497,43.182291984558105,95.28394424915314,0.9999988079071045,-1,-1,-1,
49,-1,665.734555721283,494.52631545066833,66.96674823760986,237.14312410354614,1.0,-1,-1,-1,
49,-1,1392.8357416391373,328.97128665447235,50.4347026348114,180.08627486228943,1.0,-1,-1,-1,
49,-1,1204.8483788967133,404.66658318042755,70.33910036087036,218.10079407691956,1.0,-1,-1,-1,
49,-1,887.9235863685608,537.2395595312119,80.90190410614014,238.1662495136261,1.0,-1,-1,-1,
49,-1,1054.5277512073517,73.78414696455002,48.85915517807007,127.46986019611359,1.0,-1,-1,-1,
49,-1,1373.7137603759766,540.809783577919,78.2098388671875,234.91200041770935,1.0,-1,-1,-1,
49,-1,1265.0712364912033,347.14343190193176,46.03840470314026,164.82961893081665,1.0,-1,-1,-1,
49,-1,764.5595669746399,522.4378759860992,61.54347896575928,226.49106359481812,0.9999994039535522,-1,-1,-1,
49,-1,1274.7709429264069,497.32208383083344,74.55815076828003,243.8458034992218,1.0,-1,-1,-1,
49,-1,1620.5299758911133,783.821853518486,67.66822814941406,266.5469477176666,0.9999850988388062,-1,-1,-1,
49,-1,933.7000161409378,436.1502200961113,48.23290228843689,154.24002277851105,0.9999995231628418,-1,-1,-1,
49,-1,49.41155433654785,620.3346405029297,105.09078025817871,230.37735271453857,0.9999912977218628,-1,-1,-1,
49,-1,260.82341372966766,12.758599877357483,41.95151925086975,103.16840600967407,0.9999996423721313,-1,-1,-1,
49,-1,575.8948391675949,30.583883196115494,38.61364960670471,73.41923242807388,0.9999691247940063,-1,-1,-1,
50,-1,1392.5711739063263,316.28465580940247,51.4444899559021,209.71948528289795,1.0,-1,-1,-1,
50,-1,1273.9138823747635,342.91439187526703,43.9610230922699,167.51607871055603,1.0,-1,-1,-1,
50,-1,875.3087568283081,537.875143289566,80.43042182922363,235.6189513206482,1.0,-1,-1,-1,
50,-1,681.2954199314117,494.98077285289764,74.21087980270386,235.84874367713928,1.0,-1,-1,-1,
50,-1,1642.2668087482452,774.6141496896744,81.69036626815796,272.72440123558044,0.9999995231628418,-1,-1,-1,
50,-1,781.1963653564453,525.7169440984726,75.61386108398438,220.34452843666077,1.0,-1,-1,-1,
50,-1,1042.3405945301056,75.3116043806076,50.80350637435913,124.83897042274475,0.9999998807907104,-1,-1,-1,
50,-1,964.3478608131409,518.7105270624161,80.54851055145264,249.09041476249695,1.0,-1,-1,-1,
50,-1,1218.7653136253357,399.8627886772156,66.32542133331299,220.74051904678345,0.9999998807907104,-1,-1,-1,
50,-1,58.59363555908203,622.2486659288406,99.18135166168213,229.37334609031677,0.9999939203262329,-1,-1,-1,
50,-1,1372.2506725788116,538.9392228126526,69.52232122421265,233.6903486251831,0.9999998807907104,-1,-1,-1,
50,-1,1323.1722378730774,519.50175511837,68.11582088470459,234.4171907901764,0.9999998807907104,-1,-1,-1,
50,-1,1017.0411336421967,476.12317728996277,66.44965410232544,235.01750135421753,0.9999994039535522,-1,-1,-1,
50,-1,956.5123379230499,440.7775504589081,54.100492000579834,174.87729406356812,0.9999990463256836,-1,-1,-1,
50,-1,578.5487812757492,28.707303553819656,38.21470856666565,73.97034108638763,0.9999715089797974,-1,-1,-1,
50,-1,624.6584165096283,4.889288708567619,33.103744983673096,73.76914966106415,0.9999990463256836,-1,-1,-1,
