1,-1,873.1312465667725,589.5471704006195,64.02334213256836,160.08275270462036,1.0,-1,-1,-1,
1,-1,883.5668814182281,409.73072469234467,62.22914457321167,116.92035555839539,1.0,-1,-1,-1,
1,-1,1164.1198682785034,449.15727084875107,63.09342384338379,121.0308848619461,1.0,-1,-1,-1,
1,-1,1285.950374007225,432.62138628959656,58.15616726875305,110.59479904174805,1.0,-1,-1,-1,
1,-1,1479.335451722145,359.9535655975342,51.550501585006714,90.35287141799927,1.0,-1,-1,-1,
2,-1,938.8831293582916,588.0662112236023,107.509925365448,177.10554027557373,0.9999997615814209,-1,-1,-1,
2,-1,1384.1847395896912,455.6748150587082,61.85856342315674,99.57220101356506,1.0,-1,-1,-1,
2,-1,1247.7237671613693,457.59338200092316,55.24849534034729,108.46502423286438,1.0,-1,-1,-1,
2,-1,979.2433422803879,411.8736251592636,56.95177674293518,121.21528458595276,1.0,-1,-1,-1,
2,-1,827.2805035114288,476.4535122513771,78.89354467391968,111.85137641429901,1.0,-1,-1,-1,
2,-1,1049.9752110242844,332.3951409459114,59.797807931900024,74.38407933712006,0.9999995231628418,-1,-1,-1,
2,-1,1587.7478724718094,363.1219217777252,53.94158720970154,86.13480377197266,1.0,-1,-1,-1,
3,-1,1338.5559153556824,460.1936913728714,64.61905002593994,133.51129031181335,1.0,-1,-1,-1,
3,-1,1077.7625441551208,424.3421006798744,44.8624849319458,128.35772502422333,1.0,-1,-1,-1,
3,-1,1030.0604224205017,609.1275107860565,68.01170825958252,139.0872359275818,1.0,-1,-1,-1,
3,-1,1496.0453778505325,446.29694759845734,55.2875554561615,123.05169224739075,1.0,-1,-1,-1,
3,-1,908.0447959899902,484.0036366581917,75.57540893554688,121.43367326259613,1.0,-1,-1,-1,
3,-1,978.9598953723907,424.6025297641754,46.05718374252319,88.55999279022217,1.0,-1,-1,-1,
3,-1,1712.0853388309479,377.69155991077423,39.762046337127686,100.67970013618469,1.0,-1,-1,-1,
4,-1,1058.809363245964,423.57603603601456,45.09649872779846,131.6045583486557,1.0,-1,-1,-1,
4,-1,950.283517241478,480.5757284760475,46.44239544868469,135.20804393291473,1.0,-1,-1,-1,
4,-1,1412.460776567459,472.31413900852203,42.8898024559021,129.869567155838,1.0,-1,-1,-1,
4,-1,1583.7023448944092,444.0053679943085,51.50774002075195,132.60959815979004,1.0,-1,-1,-1,
4,-1,1078.8489890098572,602.7423786520958,64.13239002227783,158.87016785144806,1.0,-1,-1,-1,
4,-1,1147.153224349022,423.922671854496,47.360039949417114,128.5482176542282,1.0,-1,-1,-1,
4,-1,534.9940180778503,507.11904215812683,64.94349002838135,125.72370672225952,0.999998927116394,-1,-1,-1,
4,-1,1802.1191346645355,375.2312843799591,52.92382478713989,111.12950706481934,1.0,-1,-1,-1,
4,-1,988.3334863185883,490.8236503601074,55.68242311477661,120.46689033508301,0.9999997615814209,-1,-1,-1,
4,-1,1000.0936728715897,459.171201646328,44.339250326156616,101.0863219499588,0.9999992847442627,-1,-1,-1,
4,-1,1247.4953359365463,338.5321215391159,55.07684826850891,82.48186039924622,0.9999986886978149,-1,-1,-1,
5,-1,980.7271635532379,474.66364628076553,53.73305082321167,146.78475844860077,1.0,-1,-1,-1,
5,-1,1121.8879956007004,427.86664724349976,55.80484986305237,132.63261795043945,1.0,-1,-1,-1,
5,-1,612.9525089263916,495.404443860054,64.80920791625977,147.19879603385925,0.9999998807907104,-1,-1,-1,
5,-1,1089.8554015159607,600.5293582677841,96.2363862991333,169.33684372901917,1.0,-1,-1,-1,
5,-1,1455.2060097455978,476.7672132253647,54.63039994239807,119.299311876297,1.0,-1,-1,-1,
5,-1,1648.6119192838669,461.095687687397,47.229591608047485,124.635857462883,0.9999998807907104,-1,-1,-1,
5,-1,1873.884369134903,384.3423144221306,41.65478467941284,119.42552483081818,0.9999997615814209,-1,-1,-1,
5,-1,1202.4348664283752,430.72370678186417,40.82812786102295,125.63644587993622,1.0,-1,-1,-1,
5,-1,1050.5413341522217,454.785791516304,54.01124954223633,119.38737416267395,0.9999994039535522,-1,-1,-1,
5,-1,1030.1636105775833,488.2992255091667,55.74257254600525,121.47594702243805,0.9999974966049194,-1,-1,-1,
5,-1,1301.84121966362,376.723135471344,47.625696659088135,100.2759461402893,1.0,-1,-1,-1,
6,-1,649.503128528595,501.8907333612442,76.50445461273193,140.30019736289978,0.9999998807907104,-1,-1,-1,
6,-1,1098.3684414625168,603.9778481125832,56.78675293922424,148.13218867778778,0.9999998807907104,-1,-1,-1,
6,-1,1235.7680314779282,426.0966693162918,50.66394925117493,129.0023853778839,1.0,-1,-1,-1,
6,-1,1167.0975959300995,428.6567326784134,53.5536789894104,128.43967509269714,1.0,-1,-1,-1,
6,-1,1003.8579154014587,476.89340847730637,45.533223152160645,151.13069021701813,1.0,-1,-1,-1,
6,-1,1683.4048891067505,460.0918951034546,71.90680503845215,128.90113306045532,1.0,-1,-1,-1,
6,-1,1482.8065377473831,475.99582493305206,48.457664251327515,122.80179619789124,1.0,-1,-1,-1,
6,-1,1056.7086285352707,488.8686338067055,45.937525033950806,127.30731189250946,1.0,-1,-1,-1,
6,-1,1094.2905324697495,454.6706153154373,48.09320569038391,121.3233540058136,1.0,-1,-1,-1,
6,-1,1376.2791055440903,371.1596766114235,41.41655087471008,115.2503103017807,1.0,-1,-1,-1,
7,-1,1201.1592489480972,421.7416014075279,53.784788846969604,137.5526829957962,1.0,-1,-1,-1,
7,-1,1120.7452422380447,448.1983816623688,57.67516493797302,133.05593490600586,1.0,-1,-1,-1,
7,-1,1729.467335343361,457.7921916246414,57.51956820487976,128.18468070030212,1.0,-1,-1,-1,
7,-1,672.9912400245667,488.6360573172569,72.40249156951904,152.38600265979767,0.9999988079071045,-1,-1,-1,
7,-1,1015.3068959712982,478.68446213006973,55.99890947341919,144.5328358411789,1.0,-1,-1,-1,
7,-1,1503.5936522483826,475.4301969408989,48.66627216339111,120.17772352695465,1.0,-1,-1,-1,
7,-1,1267.5842088460922,421.6789181828499,42.412530183792114,131.2750586271286,1.0,-1,-1,-1,
7,-1,1077.721402645111,603.7718834280968,66.0565996170044,151.38116562366486,1.0,-1,-1,-1,
7,-1,1412.5862610340118,329.4041742682457,35.05620718002319,110.15024864673615,1.0,-1,-1,-1,
7,-1,1077.6339054107666,496.07400530576706,52.88320541381836,119.3462301492691,0.9999997615814209,-1,-1,-1,
7,-1,1435.115772485733,366.30529940128326,46.579749584198,110.66986441612244,0.9999997615814209,-1,-1,-1,
8,-1,688.4121751785278,466.6134867668152,60.728559494018555,179.81801319122314,0.9999998807907104,-1,-1,-1,
8,-1,1773.1146132946014,458.1742438673973,59.68233346939087,137.51027405261993,1.0,-1,-1,-1,
8,-1,1532.3062402009964,476.96681302785873,52.47660040855408,137.8046647310257,1.0,-1,-1,-1,
8,-1,1157.8311091661453,450.50593543052673,55.13955473899841,148.34354782104492,0.9999998807907104,-1,-1,-1,
8,-1,1306.7120361328125,422.9740855693817,52.99713134765625,135.62967109680176,1.0,-1,-1,-1,
8,-1,1508.0837166309357,365.02536910772324,45.21638631820679,123.10525381565094,1.0,-1,-1,-1,
8,-1,1061.335312128067,607.498587012291,103.14457654953003,158.52549862861633,1.0,-1,-1,-1,
8,-1,1457.1845877170563,316.24998289346695,42.710673809051514,130.35426700115204,1.0,-1,-1,-1,
8,-1,1233.843469619751,421.76824378967285,62.29276657104492,136.9365849494934,1.0,-1,-1,-1,
8,-1,1044.558001756668,483.36033296585083,45.39846181869507,145.6238136291504,1.0,-1,-1,-1,
8,-1,1111.9122326374054,491.41362422704697,41.98280096054077,128.51841938495636,0.9999980926513672,-1,-1,-1,
8,-1,1314.3761801719666,205.50852924585342,41.41861438751221,108.89582455158234,1.0,-1,-1,-1,
9,-1,1059.0633273124695,472.8346720933914,61.3189172744751,183.60304999351501,1.0,-1,-1,-1,
9,-1,1129.4586825370789,497.4702093601227,58.07703495025635,143.68331480026245,0.9999996423721313,-1,-1,-1,
9,-1,1351.7126655578613,415.11078161001205,54.666709899902344,154.62784445285797,1.0,-1,-1,-1,
9,-1,1500.610774755478,311.6721521615982,49.21782732009888,139.62451243400574,1.0,-1,-1,-1,
9,-1,1190.8384609222412,451.7796392440796,63.280277252197266,165.45038080215454,0.9999998807907104,-1,-1,-1,
9,-1,1091.0064536333084,614.7829409837723,57.727235555648804,145.96445631980896,1.0,-1,-1,-1,
9,-1,1575.406504869461,363.40724551677704,50.67624807357788,125.48939538002014,1.0,-1,-1,-1,
9,-1,681.571261882782,482.04282492399216,104.2150354385376,158.53688299655914,0.9999997615814209,-1,-1,-1,
9,-1,1258.4740376472473,417.82815170288086,77.7035665512085,156.45759916305542,1.0,-1,-1,-1,
9,-1,1553.9841681718826,490.2543563246727,58.403810262680054,132.91311371326447,1.0,-1,-1,-1,
9,-1,1820.9883642196655,469.8250823020935,73.00000190734863,127.89378547668457,1.0,-1,-1,-1,
9,-1,1346.1111080646515,204.1506142616272,30.466840267181396,97.8884539604187,1.0,-1,-1,-1,
10,-1,1222.9358088970184,430.602822303772,48.33866357803345,200.38824319839478,1.0,-1,-1,-1,
10,-1,1396.0670828819275,415.21945452690125,51.293721199035645,147.96843338012695,1.0,-1,-1,-1,
10,-1,1645.9050393104553,360.2199974656105,49.16480541229248,129.76378619670868,1.0,-1,-1,-1,
10,-1,1088.8444375991821,617.2009862065315,71.07333183288574,156.9306539297104,1.0,-1,-1,-1,
10,-1,1591.8365389108658,482.78701400756836,56.68580889701843,144.58730506896973,1.0,-1,-1,-1,
10,-1,1090.9611475467682,477.503103017807,55.122764110565186,178.18341493606567,0.9999998807907104,-1,-1,-1,
10,-1,1150.7169592380524,504.7066199183464,46.62569761276245,147.81120550632477,0.9999997615814209,-1,-1,-1,
10,-1,1542.8199130296707,305.41391694545746,48.144811391830444,142.38151860237122,1.0,-1,-1,-1,
10,-1,715.747457742691,466.9868068099022,66.74887418746948,156.54918587207794,0.9999998807907104,-1,-1,-1,
10,-1,1297.0123600959778,414.1384255886078,57.05522060394287,154.95775938034058,1.0,-1,-1,-1,
10,-1,1877.1956527233124,468.0606581568718,42.984488010406494,133.70613777637482,0.9999994039535522,-1,-1,-1,
11,-1,1420.9950506687164,406.2353278398514,48.530681133270264,163.31168389320374,1.0,-1,-1,-1,
11,-1,1689.5859503746033,351.2987422943115,46.88774585723877,141.40968561172485,1.0,-1,-1,-1,
11,-1,1305.4658710956573,413.3779243826866,60.25134801864624,153.17481672763824,1.0,-1,-1,-1,
11,-1,1217.950941324234,449.04653799533844,66.0244631767273,171.5653989315033,1.0,-1,-1,-1,
11,-1,1608.5021191835403,487.9148107767105,54.18434500694275,140.00233054161072,1.0,-1,-1,-1,
11,-1,1090.2608782052994,494.3869494795799,46.731966733932495,153.5215426683426,1.0,-1,-1,-1,
11,-1,1095.4421532154083,604.0363873243332,62.7494215965271,185.00822281837463,1.0,-1,-1,-1,
11,-1,1574.0973579883575,302.9111133813858,44.00102376937866,131.40980744361877,1.0,-1,-1,-1,
11,-1,704.697493314743,463.15523314476013,78.74035120010376,165.4745593070984,1.0,-1,-1,-1,
11,-1,1133.5122334957123,516.0311354398727,51.02210283279419,154.7758219242096,0.9999990463256836,-1,-1,-1,
12,-1,1427.8709542751312,411.9925253391266,57.012226581573486,155.0749053955078,1.0,-1,-1,-1,
12,-1,1211.5595322847366,436.492830991745,58.039458990097046,192.8354730606079,1.0,-1,-1,-1,
12,-1,1602.536405324936,503.56098783016205,62.87503480911255,142.28140568733215,1.0,-1,-1,-1,
12,-1,693.8917708396912,464.820839881897,67.9850435256958,175.4240140914917,1.0,-1,-1,-1,
12,-1,1298.5886800289154,402.4264118671417,54.139015674591064,182.5958375930786,1.0,-1,-1,-1,
12,-1,1065.5631816387177,470.62527108192444,51.42627954483032,196.30910539627075,1.0,-1,-1,-1,
12,-1,1714.7602826356888,355.8570744395256,49.11713004112244,140.868537068367,1.0,-1,-1,-1,
12,-1,1576.9386970996857,312.71179246902466,58.10014486312866,126.11477279663086,0.9999996423721313,-1,-1,-1,
12,-1,1100.9974855184555,531.7271146774292,57.70412564277649,134.47018432617188,0.9999969005584717,-1,-1,-1,
12,-1,1074.617339372635,607.715038061142,50.86381673812866,204.4128441810608,1.0,-1,-1,-1,
12,-1,1340.2947986125946,185.6456025838852,43.595430850982666,105.91610383987427,0.9999971389770508,-1,-1,-1,
13,-1,1444.50330555439,406.7320783138275,51.12018942832947,159.8383412361145,1.0,-1,-1,-1,
13,-1,1205.5067843198776,443.59903264045715,50.22811532020569,179.9696888923645,1.0,-1,-1,-1,
13,-1,1612.3535478115082,501.4673761725426,60.37255525588989,147.09716713428497,1.0,-1,-1,-1,
13,-1,685.1923978328705,455.7226377725601,60.36345720291138,177.5771176815033,1.0,-1,-1,-1,
13,-1,1294.74933385849,413.36273074150085,50.40520191192627,157.34857320785522,1.0,-1,-1,-1,
13,-1,1734.635864496231,358.6030583381653,48.76293897628784,141.24777460098267,1.0,-1,-1,-1,
13,-1,1602.2746020555496,293.8209031820297,38.38322997093201,139.57488083839417,1.0,-1,-1,-1,
13,-1,1034.3166875839233,616.6359536647797,79.22650337219238,196.05959558486938,1.0,-1,-1,-1,
13,-1,1331.366999745369,178.98713940382004,42.0146119594574,108.48463547229767,1.0,-1,-1,-1,
13,-1,1038.398745059967,491.8944568634033,59.668192863464355,163.68237590789795,0.9999997615814209,-1,-1,-1,
13,-1,1074.762563109398,539.2148728966713,50.963841676712036,140.07974231243134,0.9999128580093384,-1,-1,-1,
14,-1,1281.6397672891617,400.0826418399811,55.03482699394226,178.28113317489624,1.0,-1,-1,-1,
14,-1,1460.1645094156265,406.875710606575,44.976385831832886,156.3279197216034,1.0,-1,-1,-1,
14,-1,1627.200676202774,505.6271443963051,57.089431285858154,145.88003432750702,1.0,-1,-1,-1,
14,-1,1048.0418765544891,535.795724272728,56.439363956451416,182.12904953956604,1.0,-1,-1,-1,
14,-1,1617.6234555244446,292.1270222067833,40.92854976654053,135.04340994358063,1.0,-1,-1,-1,
14,-1,1190.6359416246414,445.7084848880768,50.05059599876404,172.9392285346985,1.0,-1,-1,-1,
14,-1,1762.991572022438,353.83941328525543,47.439783811569214,142.68884825706482,1.0,-1,-1,-1,
14,-1,681.1940717697144,459.3131296634674,63.91854286193848,170.28129243850708,1.0,-1,-1,-1,
14,-1,1021.491864323616,496.1720631122589,50.954564809799194,122.30928468704224,1.0,-1,-1,-1,
14,-1,1001.5117818117142,645.5431281924248,57.763484716415405,147.8150678873062,1.0,-1,-1,-1,
14,-1,1323.9578640460968,168.43063259124756,42.40440130233765,106.96599555015564,1.0,-1,-1,-1,
15,-1,1274.307553768158,402.40420961380005,59.86420154571533,170.08241844177246,1.0,-1,-1,-1,
15,-1,1476.4699870347977,401.8303499221802,47.6699960231781,164.27424716949463,1.0,-1,-1,-1,
15,-1,1644.716586470604,521.4876160025597,56.610528230667114,147.58722603321075,1.0,-1,-1,-1,
15,-1,1175.423823595047,445.9317272901535,64.50963735580444,171.526118516922,1.0,-1,-1,-1,
15,-1,1026.897137761116,528.6298069953918,51.974462270736694,242.1699743270874,0.9999992847442627,-1,-1,-1,
15,-1,1628.0343693494797,293.1724737882614,53.63928437232971,127.89484763145447,1.0,-1,-1,-1,
15,-1,931.7915296554565,652.154457449913,92.63131141662598,162.40116620063782,1.0,-1,-1,-1,
15,-1,1788.3822816610336,354.8772060871124,50.64540982246399,147.91837692260742,1.0,-1,-1,-1,
15,-1,1002.722944021225,501.36607879400253,47.41704225540161,141.8525172472,1.0,-1,-1,-1,
15,-1,675.5384409427643,444.2563487291336,72.06562757492065,184.80988955497742,0.9999991655349731,-1,-1,-1,
16,-1,1168.2368284463882,437.1269438266754,56.6244113445282,191.16182613372803,1.0,-1,-1,-1,
16,-1,1277.5984132289886,396.5392355918884,53.02682161331177,174.72283744812012,1.0,-1,-1,-1,
16,-1,1496.600713133812,398.74675047397614,51.53741955757141,163.95129418373108,1.0,-1,-1,-1,
16,-1,678.3163011074066,430.07423293590546,60.20890474319458,212.3283884525299,0.9999995231628418,-1,-1,-1,
16,-1,866.8346607685089,653.2237833738327,93.31664800643921,178.53827118873596,1.0,-1,-1,-1,
16,-1,1667.5536131858826,521.6739276051521,66.60557270050049,146.2559598684311,1.0,-1,-1,-1,
16,-1,1659.622575044632,280.95701962709427,37.08221197128296,134.39400851726532,1.0,-1,-1,-1,
16,-1,1001.3350045681,564.6188131570816,55.00584840774536,213.67825198173523,0.99998939037323,-1,-1,-1,
16,-1,1823.4972470998764,357.437375664711,53.19578289985657,139.23190140724182,1.0,-1,-1,-1,
16,-1,976.4251720905304,486.43056857585907,55.07781744003296,205.25969052314758,1.0,-1,-1,-1,
17,-1,1292.2660374641418,390.5998013019562,52.560439109802246,185.29042768478394,1.0,-1,-1,-1,
17,-1,1176.7260324954987,429.0624951124191,52.042014598846436,200.93073391914368,1.0,-1,-1,-1,
17,-1,988.5015088319778,581.6749491691589,57.520068883895874,187.9552001953125,1.0,-1,-1,-1,
17,-1,830.8695816993713,674.8949384093285,63.64661693572998,153.48793995380402,1.0,-1,-1,-1,
17,-1,690.448522567749,438.61610412597656,53.158206939697266,193.57229948043823,0.9999998807907104,-1,-1,-1,
17,-1,1520.4416120052338,405.24113166332245,66.56787157058716,152.85606408119202,1.0,-1,-1,-1,
17,-1,1710.0023156404495,531.5552290678024,58.72484564781189,152.63961625099182,1.0,-1,-1,-1,
17,-1,962.0413273572922,503.0525971055031,51.924272775650024,140.52770125865936,1.0,-1,-1,-1,
17,-1,1687.9337275028229,278.4045812487602,51.10291242599487,135.72701275348663,1.0,-1,-1,-1,
17,-1,1864.7999024391174,365.0031507611275,54.699740409851074,125.15407311916351,0.9999988079071045,-1,-1,-1,
17,-1,1307.7014476060867,143.9915907382965,34.944623708724976,115.43826341629028,0.9999998807907104,-1,-1,-1,
18,-1,983.8348925113678,593.5851641893387,48.882644176483154,203.1547315120697,1.0,-1,-1,-1,
18,-1,1578.3019548654556,397.3151203393936,47.40877032279968,145.35786938667297,1.0,-1,-1,-1,
18,-1,707.8995823860168,421.96261489391327,53.93784999847412,214.87609219551086,0.9999996423721313,-1,-1,-1,
18,-1,1192.8297132253647,406.7205491065979,45.214444398880005,238.05201959609985,1.0,-1,-1,-1,
18,-1,956.6709780693054,503.9123470187187,58.442559242248535,140.83929884433746,1.0,-1,-1,-1,
18,-1,1760.6982922554016,540.3644977211952,62.87190914154053,148.50915706157684,1.0,-1,-1,-1,
18,-1,755.6562960147858,661.9668427705765,103.1977915763855,213.87948203086853,1.0,-1,-1,-1,
18,-1,1309.7733861207962,393.1391558647156,47.77393698692322,160.93753623962402,1.0,-1,-1,-1,
18,-1,1723.9791280031204,266.9250571131706,46.91746115684509,138.00017845630646,1.0,-1,-1,-1,
18,-1,1316.873944401741,139.85054701566696,36.73138976097107,107.63688147068024,0.9999996423721313,-1,-1,-1,
19,-1,1213.1841534376144,416.5502893924713,57.23993897438049,180.42282342910767,1.0,-1,-1,-1,
19,-1,1616.6436553001404,386.9661553502083,69.65610980987549,145.5766829252243,1.0,-1,-1,-1,
19,-1,1334.0612661838531,376.5394277572632,48.88705015182495,174.39082717895508,1.0,-1,-1,-1,
19,-1,737.9665338993073,408.44523417949677,57.48505353927612,208.28335547447205,0.9999923706054688,-1,-1,-1,
19,-1,749.4994819164276,665.3249995708466,73.11060190200806,157.76717805862427,1.0,-1,-1,-1,
19,-1,942.073084115982,491.9291088581085,89.20069456100464,167.64475393295288,1.0,-1,-1,-1,
19,-1,1815.6645798683167,525.7516443729401,90.39683818817139,177.30395078659058,1.0,-1,-1,-1,
19,-1,959.8724162578583,602.4929991960526,72.02358484268188,191.3378541469574,0.9999998807907104,-1,-1,-1,
19,-1,1775.2407681941986,249.17211538553238,44.60871934890747,137.39840018749237,1.0,-1,-1,-1,
19,-1,1332.3986291885376,123.91496336460114,36.062421798706055,110.72861123085022,0.9999998807907104,-1,-1,-1,
20,-1,1352.3461693525314,358.50013875961304,54.98287796974182,170.61021280288696,1.0,-1,-1,-1,
20,-1,1667.2760117053986,360.29269552230835,54.24588918685913,161.49661588668823,1.0,-1,-1,-1,
20,-1,1799.9343180656433,239.53639698028564,52.977662086486816,131.44288873672485,1.0,-1,-1,-1,
20,-1,714.6652615070343,670.597828745842,78.36242437362671,184.10906052589417,1.0,-1,-1,-1,
20,-1,765.5173283815384,388.61395812034607,59.98901724815369,211.2842516899109,0.9999971389770508,-1,-1,-1,
20,-1,1232.9033106565475,407.5656090974808,51.088138818740845,170.28235459327698,1.0,-1,-1,-1,
20,-1,947.0406067371368,476.27429616451263,62.13475942611694,179.6719572544098,0.9999998807907104,-1,-1,-1,
20,-1,953.180068731308,596.7113560438156,73.51191759109497,195.32147526741028,1.0,-1,-1,-1,
20,-1,1869.1261196136475,524.6667273044586,53.78854751586914,164.76867055892944,0.9999997615814209,-1,-1,-1,
20,-1,1340.336725115776,101.02575981616974,34.96787667274475,116.4730532169342,1.0,-1,-1,-1,
21,-1,944.4809836149216,457.663950920105,57.32442498207092,178.10404300689697,1.0,-1,-1,-1,
21,-1,1698.1405591964722,352.14407908916473,63.87185096740723,139.4868185520172,1.0,-1,-1,-1,
21,-1,1371.6940677165985,350.60246926546097,56.44989252090454,159.64266335964203,1.0,-1,-1,-1,
21,-1,659.3037414550781,661.75898873806,95.23841857910156,196.8522913455963,1.0,-1,-1,-1,
21,-1,792.3017030954361,395.2464644908905,52.366122007369995,177.60938787460327,0.9999998807907104,-1,-1,-1,
21,-1,951.6789811849594,617.212208032608,58.238335847854614,162.7760682106018,1.0,-1,-1,-1,
21,-1,1245.3489303588867,394.30355912446976,51.14021301269531,156.39629352092743,1.0,-1,-1,-1,
21,-1,1837.7236586809158,213.83482003211975,33.51027846336365,135.18117141723633,1.0,-1,-1,-1,
22,-1,1391.023558974266,331.8927626609802,52.37106442451477,160.8203902244568,1.0,-1,-1,-1,
22,-1,943.8326418399811,452.33471167087555,52.66857862472534,167.6402542591095,1.0,-1,-1,-1,
22,-1,1257.5185006856918,361.3167543411255,47.63870358467102,196.2349090576172,1.0,-1,-1,-1,
22,-1,1740.8173102140427,327.5100594162941,52.4542772769928,150.26990067958832,1.0,-1,-1,-1,
22,-1,812.6827973127365,355.65558207035065,53.65456223487854,209.8321316242218,0.9999996423721313,-1,-1,-1,
22,-1,636.4649713039398,659.7138451337814,79.8831295967102,194.96992135047913,1.0,-1,-1,-1,
22,-1,1855.4577380418777,204.7550237774849,39.56380248069763,122.22020852565765,0.9999997615814209,-1,-1,-1,
22,-1,934.0615206956863,618.5928402543068,55.98309874534607,159.93060386180878,1.0,-1,-1,-1,
22,-1,1342.921741604805,73.63272231817245,39.54431891441345,110.17879164218903,1.0,-1,-1,-1,
23,-1,1270.1812970638275,358.39827489852905,48.563339710235596,171.99730968475342,1.0,-1,-1,-1,
23,-1,1770.1119929552078,312.2241523861885,53.1228768825531,149.70603168010712,1.0,-1,-1,-1,
23,-1,830.5859452486038,348.29113841056824,50.96197485923767,184.40358638763428,0.9999986886978149,-1,-1,-1,
23,-1,1408.125849366188,314.23038893938065,44.80146288871765,153.98995292186737,1.0,-1,-1,-1,
23,-1,602.6204717159271,667.3109457492828,76.25918626785278,181.24535608291626,1.0,-1,-1,-1,
23,-1,919.6173691749573,427.2165184020996,64.30453777313232,194.0227689743042,0.9999997615814209,-1,-1,-1,
23,-1,903.0682611465454,613.0138320922852,68.8169002532959,172.39513492584229,0.9999997615814209,-1,-1,-1,
23,-1,1871.156113743782,190.6212955713272,39.29543852806091,101.35515332221985,0.9999953508377075,-1,-1,-1,
23,-1,1342.8348076343536,58.0655534863472,38.66487264633179,108.9116313457489,0.9999997615814209,-1,-1,-1,
24,-1,1272.7368825674057,339.4260792732239,47.04424023628235,162.89699935913086,1.0,-1,-1,-1,
24,-1,1404.6702378988266,303.97732043266296,57.50911831855774,144.2508144378662,1.0,-1,-1,-1,
24,-1,567.5612819194794,667.3185385465622,86.56696557998657,186.36314606666565,1.0,-1,-1,-1,
24,-1,873.5492044687271,605.9874401092529,57.55315661430359,209.01993083953857,1.0,-1,-1,-1,
24,-1,1790.6771439313889,287.9581789970398,55.62317490577698,148.32809829711914,1.0,-1,-1,-1,
24,-1,835.5741226673126,309.3415142297745,52.072999477386475,204.88538718223572,0.999963641166687,-1,-1,-1,
24,-1,898.0552929639816,429.73858720064163,58.47967743873596,154.43111407756805,1.0,-1,-1,-1,
24,-1,1877.4568140506744,169.27075839042664,39.01291608810425,104.39565825462341,0.9999959468841553,-1,-1,-1,
25,-1,1274.468087553978,310.9649566411972,46.07435345649719,180.24857211112976,1.0,-1,-1,-1,
25,-1,831.3334107398987,614.7623802423477,61.94030284881592,200.12538886070251,1.0,-1,-1,-1,
25,-1,843.1773573160172,303.314728975296,57.30625033378601,170.84890794754028,0.9999996423721313,-1,-1,-1,
25,-1,536.7183172702789,661.6988997459412,102.15975522994995,201.3813772201538,1.0,-1,-1,-1,
25,-1,1806.4661246538162,274.5541543364525,56.494020223617554,139.31501019001007,1.0,-1,-1,-1,
25,-1,869.2424154281616,409.86002111434937,63.804216384887695,154.1371579170227,1.0,-1,-1,-1,
25,-1,1412.3306858539581,281.7964501976967,47.7669882774353,149.5039519071579,1.0,-1,-1,-1,
25,-1,1876.8357449769974,153.2570098042488,40.797046422958374,119.70738208293915,0.9999984502792358,-1,-1,-1,
26,-1,1269.9327278137207,305.8128896355629,50.070762634277344,153.38359773159027,1.0,-1,-1,-1,
26,-1,552.4807476997375,663.7752385139465,101.86524868011475,199.3669137954712,1.0,-1,-1,-1,
26,-1,1419.6537852287292,258.58849400281906,49.57144260406494,152.42848885059357,1.0,-1,-1,-1,
26,-1,786.5275418758392,618.3914959430695,60.12416124343872,194.48420763015747,0.9999997615814209,-1,-1,-1,
26,-1,1824.4232726097107,253.11349815130234,51.3059663772583,145.57921278476715,1.0,-1,-1,-1,
26,-1,858.7883198261261,397.62298107147217,47.3366904258728,148.66323709487915,1.0,-1,-1,-1,
26,-1,1868.680590391159,139.11547154188156,42.12589502334595,104.00914013385773,0.9999983310699463,-1,-1,-1,
26,-1,849.5228683948517,291.88425385951996,61.50945425033569,148.39756321907043,0.9999991655349731,-1,-1,-1,
27,-1,846.5197974443436,284.06650346517563,59.10109877586365,153.34804451465607,1.0,-1,-1,-1,
27,-1,558.2028543949127,668.8516881465912,106.7903208732605,187.65760374069214,1.0,-1,-1,-1,
27,-1,1397.8040009737015,255.14965689182281,54.52154517173767,138.60631155967712,1.0,-1,-1,-1,
27,-1,733.7180685997009,637.3559410572052,90.75008869171143,201.41803121566772,1.0,-1,-1,-1,
27,-1,1251.2175500392914,293.39556008577347,56.688358783721924,153.62248599529266,1.0,-1,-1,-1,
27,-1,812.5687032938004,397.45715296268463,59.70401644706726,147.29184079170227,1.0,-1,-1,-1,
27,-1,1806.671472787857,250.6900343298912,51.3873553276062,135.8191305398941,1.0,-1,-1,-1,
27,-1,1847.7510166168213,123.73138761520386,30.27883529663086,112.8758053779602,1.0,-1,-1,-1,
27,-1,313.91085147857666,1021.5205754935741,81.63422584533691,59.92615896463394,0.9998045563697815,-1,-1,-1,
27,-1,1290.3444403409958,11.812945783138275,33.048988580703735,94.47096133232117,0.9999996423721313,-1,-1,-1,
28,-1,745.8526003360748,392.55765026807785,65.33283948898315,158.19973576068878,1.0,-1,-1,-1,
28,-1,808.508089184761,281.90551578998566,55.23456931114197,162.26895689964294,0.9999998807907104,-1,-1,-1,
28,-1,1208.9321386814117,291.961773455143,51.23560667037964,158.81051337718964,1.0,-1,-1,-1,
28,-1,1355.9011960029602,249.428406894207,44.04592037200928,143.89030945301056,1.0,-1,-1,-1,
28,-1,1756.329231262207,253.03935492038727,63.44947814941406,132.27308821678162,1.0,-1,-1,-1,
28,-1,658.3678758144379,655.4449871778488,85.42138338088989,215.61890530586243,0.9999998807907104,-1,-1,-1,
28,-1,587.7082514762878,677.6787865161896,87.77605533599854,195.42662858963013,0.9999998807907104,-1,-1,-1,
28,-1,278.38399171829224,1014.760213047266,80.8925199508667,69.5220610499382,0.9999963045120239,-1,-1,-1,
28,-1,1785.3225195407867,132.49380719661713,40.40766477584839,98.28782415390015,0.9999998807907104,-1,-1,-1,
29,-1,664.7454857826233,405.3558315038681,62.24860668182373,168.5058138370514,1.0,-1,-1,-1,
29,-1,1146.833803653717,303.4011240005493,55.17798900604248,149.3407759666443,1.0,-1,-1,-1,
29,-1,751.0434937477112,281.90872156620026,58.30245494842529,169.39848732948303,1.0,-1,-1,-1,
29,-1,1703.7705516815186,252.09157973527908,53.3525276184082,137.7546662092209,1.0,-1,-1,-1,
29,-1,1294.4734078645706,262.2169981598854,46.40390753746033,130.95618045330048,1.0,-1,-1,-1,
29,-1,568.019632101059,703.5889320373535,90.03793001174927,184.73837757110596,0.9999959468841553,-1,-1,-1,
29,-1,227.66567587852478,1005.6106042563915,85.72854280471802,78.93587118387222,0.9999434947967529,-1,-1,-1,
29,-1,1713.4537142515182,133.15937912464142,36.41807198524475,98.95414280891418,0.9999998807907104,-1,-1,-1,
30,-1,1844.6824979782104,509.5948299765587,66.47355079650879,126.82113468647003,1.0,-1,-1,-1,
30,-1,1091.5134251117706,298.11578875780106,43.77483129501343,156.56469333171844,1.0,-1,-1,-1,
30,-1,1647.266035079956,261.4287183880806,48.02438735961914,127.03026330471039,1.0,-1,-1,-1,
30,-1,695.4485249519348,288.85364466905594,56.546759605407715,158.24031007289886,0.9999996423721313,-1,-1,-1,
30,-1,584.2627143859863,388.3430700302124,61.03935241699219,199.28680801391602,1.0,-1,-1,-1,
30,-1,512.4005913734436,705.7007435560226,96.6212797164917,211.8708508014679,1.0,-1,-1,-1,
30,-1,1226.1033993959427,267.1981467604637,51.94565176963806,123.99978125095367,1.0,-1,-1,-1,
30,-1,580.1343297958374,727.1441677808762,94.97838020324707,185.86041855812073,1.0,-1,-1,-1,
30,-1,166.6364550590515,996.4468213319778,84.56593036651611,90.22489142417908,0.9999552965164185,-1,-1,-1,
30,-1,379.56175446510315,975.9875671863556,86.36502027511597,107.72423887252808,0.9999990463256836,-1,-1,-1,
31,-1,489.2407786846161,425.1580753326416,66.00342035293579,130.6643099784851,1.0,-1,-1,-1,
31,-1,1018.6686444282532,312.3544337153435,47.0758581161499,114.42629063129425,1.0,-1,-1,-1,
31,-1,1760.4291701316833,482.37997698783875,58.89294147491455,207.21917295455933,0.9999998807907104,-1,-1,-1,
31,-1,634.0181636810303,291.3146073818207,52.93458938598633,149.74651908874512,1.0,-1,-1,-1,
31,-1,476.53481662273407,709.105516076088,59.09516930580139,183.59354853630066,1.0,-1,-1,-1,
31,-1,616.9142889976501,738.8892016410828,80.38952350616455,197.612774848938,1.0,-1,-1,-1,
31,-1,1158.9033383131027,264.9024859070778,39.550806283950806,122.31557071208954,1.0,-1,-1,-1,
31,-1,1571.1780613660812,262.3905429840088,48.63501191139221,122.61711645126343,1.0,-1,-1,-1,
31,-1,1886.960282921791,277.881738781929,33.03667902946472,133.6135275363922,0.9999905824661255,-1,-1,-1,
31,-1,113.26063513755798,981.7599695920944,88.10399293899536,102.89624333381653,0.9999995231628418,-1,-1,-1,
32,-1,408.20632696151733,419.13096338510513,57.8508996963501,149.35532748699188,1.0,-1,-1,-1,
32,-1,1648.8484507799149,492.965762257576,59.75198149681091,187.84039092063904,1.0,-1,-1,-1,
32,-1,1823.909239768982,469.24299734830856,67.83185005187988,133.00820553302765,0.9999998807907104,-1,-1,-1,
32,-1,398.0267858505249,707.905561208725,80.88984489440918,206.3991894721985,1.0,-1,-1,-1,
32,-1,641.0978829860687,738.825346827507,76.98926210403442,192.15702652931213,1.0,-1,-1,-1,
32,-1,1478.8053864240646,266.47730898857117,46.25412583351135,112.87062978744507,1.0,-1,-1,-1,
32,-1,28.641321659088135,956.2878148555756,141.67134761810303,132.2503581047058,0.9998494386672974,-1,-1,-1,
32,-1,937.7270758152008,311.8444207906723,51.964824199676514,117.82515692710876,1.0,-1,-1,-1,
32,-1,1775.1884829998016,269.35525918006897,73.87512445449829,149.03842878341675,1.0,-1,-1,-1,
32,-1,1075.402318239212,269.0178560614586,43.00945043563843,117.24663984775543,1.0,-1,-1,-1,
32,-1,565.3108441829681,296.51061058044434,58.390610218048096,131.95805311203003,0.9999998807907104,-1,-1,-1,
33,-1,1709.2482912540436,485.1798105239868,65.16300916671753,124.82133865356445,1.0,-1,-1,-1,
33,-1,313.4546935558319,442.4007884860039,65.50211191177368,138.86006033420563,1.0,-1,-1,-1,
33,-1,1516.601550579071,505.0493885278702,85.31099796295166,171.5047595500946,1.0,-1,-1,-1,
33,-1,345.1764678955078,731.0696504116058,85.13545989990234,188.46260118484497,1.0,-1,-1,-1,
33,-1,670.2446937561035,742.4931313991547,80.09960174560547,168.215922832489,1.0,-1,-1,-1,
33,-1,1382.8010880947113,272.6413857936859,46.54671907424927,101.98848724365234,1.0,-1,-1,-1,
33,-1,978.9027661085129,283.9342314004898,49.49320435523987,109.36515212059021,1.0,-1,-1,-1,
33,-1,847.5492542982101,323.0971974134445,44.8330557346344,91.32976412773132,1.0,-1,-1,-1,
33,-1,1654.843007326126,299.62203204631805,79.06062841415405,91.84056401252747,0.9999980926513672,-1,-1,-1,
33,-1,484.5139002799988,308.08148968219757,49.88295078277588,118.65564608573914,0.9999998807907104,-1,-1,-1,
34,-1,697.6334202289581,734.7221882343292,103.68957281112671,170.17291402816772,1.0,-1,-1,-1,
34,-1,253.68013501167297,448.2535911798477,58.49965810775757,153.11210131645203,1.0,-1,-1,-1,
34,-1,1619.3058943748474,496.2338000535965,63.35865497589111,115.09074568748474,1.0,-1,-1,-1,
34,-1,1456.0391235351562,528.8911437392235,62.718658447265625,136.84069168567657,1.0,-1,-1,-1,
34,-1,766.1415553092957,336.1122127175331,49.47062015533447,123.40333306789398,1.0,-1,-1,-1,
34,-1,297.13191747665405,742.3831951618195,93.89692783355713,188.1085753440857,0.9999997615814209,-1,-1,-1,
34,-1,1302.871277332306,294.4971867799759,39.623351097106934,96.8195207118988,0.9999998807907104,-1,-1,-1,
34,-1,1558.5932850837708,315.0390315055847,44.72421169281006,106.8344235420227,0.9999998807907104,-1,-1,-1,
34,-1,423.0598533153534,312.0196618437767,35.700953006744385,136.3425990343094,0.9999997615814209,-1,-1,-1,
34,-1,911.6060703992844,288.1725427508354,30.762430429458618,116.20074570178986,1.0,-1,-1,-1,
34,-1,1605.8455914258957,291.3945216536522,42.23467469215393,95.93004333972931,0.9999998807907104,-1,-1,-1,
34,-1,1847.2120481729507,160.29511123895645,58.93314242362976,81.77293002605438,0.9999791383743286,-1,-1,-1,
35,-1,757.872269153595,718.9618649482727,75.88258266448975,184.86413669586182,1.0,-1,-1,-1,
35,-1,213.49661529064178,468.90250754356384,53.313528299331665,135.79772329330444,1.0,-1,-1,-1,
35,-1,1244.1313683986664,300.5509572029114,44.31912660598755,99.14202833175659,1.0,-1,-1,-1,
35,-1,849.5486479997635,307.2423326969147,44.533456563949585,106.79174423217773,1.0,-1,-1,-1,
35,-1,1565.1688188314438,507.62830996513367,51.33503079414368,123.8530011177063,1.0,-1,-1,-1,
35,-1,723.8747084140778,341.21777987480164,34.40741300582886,124.78159475326538,1.0,-1,-1,-1,
35,-1,1404.8713052272797,539.4068123102188,56.939213275909424,139.66097331047058,1.0,-1,-1,-1,
35,-1,1484.5012199878693,327.06307089328766,46.35804891586304,118.69226145744324,1.0,-1,-1,-1,
35,-1,375.7745951414108,324.16316467523575,42.15539574623108,129.63277423381805,1.0,-1,-1,-1,
35,-1,307.2983407974243,749.2214795351028,79.12219047546387,183.36929869651794,0.9999996423721313,-1,-1,-1,
35,-1,1768.1706547737122,174.01532971858978,54.64120388031006,85.86040091514587,0.9999991655349731,-1,-1,-1,
35,-1,1167.3259145021439,193.5830819606781,39.14417624473572,89.75613355636597,1.0,-1,-1,-1,
35,-1,1538.4714567661285,296.0733134150505,37.44513273239136,106.00467789173126,0.9999998807907104,-1,-1,-1,
35,-1,1880.4096972942352,175.17915844917297,39.61906671524048,89.61757063865662,0.9999289512634277,-1,-1,-1,
35,-1,34.497209787368774,890.7633712291718,114.55570936203003,200.13966035842896,0.999922513961792,-1,-1,-1,
36,-1,301.14302158355713,748.5284235477448,100.1986026763916,183.19693994522095,1.0,-1,-1,-1,
36,-1,1520.1539772748947,521.6769853234291,51.23287796974182,135.88720500469208,1.0,-1,-1,-1,
36,-1,1208.2509469985962,308.61030757427216,60.494184494018555,102.87519335746765,1.0,-1,-1,-1,
36,-1,687.7569669485092,349.394120156765,38.123799562454224,126.00532257556915,1.0,-1,-1,-1,
36,-1,196.7017811536789,475.14317375421524,57.057520151138306,143.05895125865936,1.0,-1,-1,-1,
36,-1,823.5608983039856,316.84877586364746,33.310561180114746,104.83707046508789,1.0,-1,-1,-1,
36,-1,1372.3446035385132,537.6512796878815,69.39007759094238,136.95682382583618,1.0,-1,-1,-1,
36,-1,1438.6467003822327,335.83990198373795,43.25713634490967,109.2407158613205,1.0,-1,-1,-1,
36,-1,342.376965880394,332.7442374229431,44.80852246284485,132.3131604194641,0.9999998807907104,-1,-1,-1,
36,-1,1501.0808569192886,313.6714476943016,35.790098905563354,97.4460278749466,1.0,-1,-1,-1,
36,-1,833.3399856090546,732.02459192276,53.07337045669556,143.28722763061523,1.0,-1,-1,-1,
36,-1,1127.9598507285118,206.34291779994965,27.458136677742004,73.63173580169678,0.9999961853027344,-1,-1,-1,
37,-1,653.0038297176361,364.9914316534996,42.243568897247314,115.97062504291534,1.0,-1,-1,-1,
37,-1,339.4329106807709,755.1184340715408,76.826012134552,183.01782202720642,1.0,-1,-1,-1,
37,-1,1377.427813410759,544.4847216010094,57.71418213844299,134.49020111560822,1.0,-1,-1,-1,
37,-1,1490.1137101650238,534.3448095917702,55.135509967803955,128.33138358592987,1.0,-1,-1,-1,
37,-1,863.5001635551453,725.5570124387741,95.94118595123291,164.11722207069397,1.0,-1,-1,-1,
37,-1,1404.0508782863617,354.27103596925735,40.015690326690674,106.51874148845673,1.0,-1,-1,-1,
37,-1,189.4679868221283,490.99268424510956,52.614262104034424,130.05333924293518,1.0,-1,-1,-1,
37,-1,1208.1917542219162,320.5336691737175,35.363699197769165,98.0131026506424,1.0,-1,-1,-1,
37,-1,1472.16916680336,324.32024931907654,36.992690563201904,109.33400201797485,0.9999998807907104,-1,-1,-1,
37,-1,324.20487105846405,338.55847585201263,37.94897675514221,136.70899415016174,0.9999998807907104,-1,-1,-1,
37,-1,788.1579852104187,330.55421912670135,40.72676181793213,96.03352618217468,0.9999995231628418,-1,-1,-1,
37,-1,1800.4391598701477,197.8428214788437,47.04404354095459,92.52053618431091,0.9999995231628418,-1,-1,-1,
37,-1,1087.4636632204056,221.88712638616562,27.430003881454468,74.70089113712311,0.9999935626983643,-1,-1,-1,
38,-1,1361.8649625778198,545.0521681308746,63.949899673461914,129.73046350479126,1.0,-1,-1,-1,
38,-1,179.65572595596313,501.452832698822,58.590760231018066,140.6535472869873,1.0,-1,-1,-1,
38,-1,1468.685359954834,552.8204478621483,50.67729949951172,123.69291508197784,1.0,-1,-1,-1,
38,-1,635.2754420042038,371.61084455251694,32.71567940711975,116.82150757312775,1.0,-1,-1,-1,
38,-1,1447.1433001756668,333.186154961586,39.02295470237732,109.6235454082489,1.0,-1,-1,-1,
38,-1,1366.108467578888,362.65981364250183,44.172377586364746,114.68424940109253,1.0,-1,-1,-1,
38,-1,347.24581360816956,766.9921238422394,93.02954435348511,169.35099935531616,1.0,-1,-1,-1,
38,-1,285.7284915447235,354.17150723934174,61.52282953262329,128.67369675636292,0.9999998807907104,-1,-1,-1,
38,-1,774.2047262191772,336.1614500284195,34.62201118469238,102.14184308052063,1.0,-1,-1,-1,
38,-1,1187.2691935300827,322.55764693021774,43.37184548377991,97.50373184680939,1.0,-1,-1,-1,
38,-1,1659.5581340789795,210.66654914617538,47.3924446105957,84.81306803226471,0.9999996423721313,-1,-1,-1,
38,-1,929.3836998939514,711.5683761835098,67.28217601776123,166.45253348350525,0.9999996423721313,-1,-1,-1,
38,-1,1762.975224852562,215.6995502114296,40.11896252632141,86.38219892978668,0.9999995231628418,-1,-1,-1,
38,-1,1045.8147060871124,224.28725177049637,37.486417293548584,85.3218401670456,0.999998927116394,-1,-1,-1,
39,-1,1368.2027649879456,542.6327469348907,49.335665702819824,136.01332139968872,1.0,-1,-1,-1,
39,-1,185.4555881023407,508.64284640550613,60.10195970535278,137.15062844753265,1.0,-1,-1,-1,
39,-1,986.5798151493073,695.5204213857651,52.54418134689331,199.29671502113342,1.0,-1,-1,-1,
39,-1,1341.6852968931198,375.9365310072899,36.84836983680725,107.36276829242706,1.0,-1,-1,-1,
39,-1,1177.6641976833344,328.05115646123886,43.843510150909424,101.18249523639679,1.0,-1,-1,-1,
39,-1,1457.424899339676,566.5338363647461,46.08487844467163,136.40245628356934,1.0,-1,-1,-1,
39,-1,272.9055851697922,352.8883679509163,53.280569314956665,129.67101180553436,1.0,-1,-1,-1,
39,-1,384.2983567714691,758.9983631372452,75.0323224067688,178.14805483818054,1.0,-1,-1,-1,
39,-1,596.1150455474854,379.6811817884445,53.47726821899414,119.08533596992493,1.0,-1,-1,-1,
39,-1,760.6919181346893,337.0566018819809,38.19925546646118,104.13139414787292,1.0,-1,-1,-1,
39,-1,1431.0998994112015,348.77012515068054,35.70173621177673,96.85785484313965,1.0,-1,-1,-1,
39,-1,1020.7026332616806,232.03110194206238,34.387274980545044,83.60088872909546,0.9999996423721313,-1,-1,-1,
39,-1,1894.3974155187607,428.1057221889496,26.073485612869263,113.0235800743103,0.9998857975006104,-1,-1,-1,
40,-1,1442.1490842103958,576.522903084755,53.65127921104431,128.41341090202332,1.0,-1,-1,-1,
40,-1,1320.8873158693314,375.53865909576416,39.03133749961853,111.06817245483398,1.0,-1,-1,-1,
40,-1,591.6183650493622,382.64836263656616,38.642427921295166,116.66194295883179,1.0,-1,-1,-1,
40,-1,1366.2836569547653,545.7351416945457,50.00226616859436,127.39338505268097,1.0,-1,-1,-1,
40,-1,1182.1263939142227,332.7129489183426,36.000813245773315,101.87271237373352,1.0,-1,-1,-1,
40,-1,1415.0742405653,348.3904965519905,57.82919526100159,101.6154488325119,1.0,-1,-1,-1,
40,-1,394.57807302474976,763.6052695512772,83.0850076675415,163.80294013023376,1.0,-1,-1,-1,
40,-1,1005.7157206535339,697.3756839036942,104.34996128082275,156.1969850063324,1.0,-1,-1,-1,
40,-1,200.78082740306854,514.508187353611,47.85784363746643,140.49340331554413,1.0,-1,-1,-1,
40,-1,255.99598824977875,353.0592525601387,40.69362759590149,130.44379699230194,0.9999996423721313,-1,-1,-1,
40,-1,1003.4019711613655,242.60815662145615,24.011029601097107,71.24676382541656,0.9999910593032837,-1,-1,-1,
40,-1,1640.2261501550674,228.04228511452675,28.214539289474487,70.56585019826889,0.9999915361404419,-1,-1,-1,
40,-1,1895.799278318882,391.63514310121536,24.017745852470398,155.4437531232834,0.9999349117279053,-1,-1,-1,
40,-1,761.848914027214,345.92763966321945,33.28482270240784,105.60511457920074,1.0,-1,-1,-1,
41,-1,1360.9966385364532,534.0422837734222,57.95766592025757,140.96504831314087,1.0,-1,-1,-1,
41,-1,423.6967635154724,754.8172488212585,86.08089923858643,170.64593982696533,1.0,-1,-1,-1,
41,-1,578.4049665927887,390.0806055665016,41.96589231491089,113.27574527263641,1.0,-1,-1,-1,
41,-1,1439.6786803007126,593.6462139487267,53.58209252357483,130.29125225543976,1.0,-1,-1,-1,
41,-1,1178.4547591209412,332.37657898664474,42.0444917678833,100.22512686252594,1.0,-1,-1,-1,
41,-1,1304.667227268219,384.4723720550537,38.29097270965576,110.31450605392456,1.0,-1,-1,-1,
41,-1,193.35483312606812,520.2330084443092,65.38943767547607,131.82892405986786,1.0,-1,-1,-1,
41,-1,1428.5258156061172,354.0155893564224,34.229267835617065,95.0001847743988,0.9999998807907104,-1,-1,-1,
41,-1,1091.3963663578033,680.7286641597748,39.797751903533936,192.5281434059143,0.9999998807907104,-1,-1,-1,
41,-1,1877.522765994072,414.874220430851,42.62574791908264,115.81804168224335,0.9999996423721313,-1,-1,-1,
41,-1,237.70768225193024,359.27993577718735,54.13274645805359,123.89314091205597,1.0,-1,-1,-1,
41,-1,1623.2877320051193,231.29950100183487,45.93575119972229,84.35817611217499,1.0,-1,-1,-1,
41,-1,1721.103463768959,228.39831537008286,36.26757502555847,88.76938211917877,1.0,-1,-1,-1,
41,-1,763.6864078044891,341.6573751568794,31.039888858795166,100.94331729412079,1.0,-1,-1,-1,
41,-1,986.571296453476,237.66911762952805,27.95802354812622,76.23603308200836,0.9999943971633911,-1,-1,-1,
42,-1,453.407860994339,756.679309129715,62.0931601524353,163.45932340621948,1.0,-1,-1,-1,
42,-1,214.27187740802765,526.9996794462204,46.40639662742615,139.68596291542053,1.0,-1,-1,-1,
42,-1,1279.6936494112015,385.9575380086899,44.632476568222046,115.52553391456604,1.0,-1,-1,-1,
42,-1,1125.2039802074432,698.7805413007736,48.77622842788696,144.67554116249084,1.0,-1,-1,-1,
42,-1,752.019861638546,345.4142809510231,29.956210255622864,106.84851157665253,1.0,-1,-1,-1,
42,-1,1177.7509671449661,339.626128077507,37.574390172958374,96.8628180027008,1.0,-1,-1,-1,
42,-1,1435.3018444776535,596.6379321813583,55.39148926734924,144.84448170661926,1.0,-1,-1,-1,
42,-1,1361.9421422481537,540.0057114958763,34.328835010528564,132.11599552631378,1.0,-1,-1,-1,
42,-1,1424.4681841135025,360.49882435798645,39.38073992729187,99.86993265151978,1.0,-1,-1,-1,
42,-1,1877.0898860692978,429.2302190065384,36.459800004959106,106.78075575828552,0.9999984502792358,-1,-1,-1,
42,-1,567.3503816127777,402.20980310440063,37.4316143989563,101.89729642868042,1.0,-1,-1,-1,
42,-1,1700.2385008335114,231.82747560739517,42.590625286102295,88.51579749584198,0.9999998807907104,-1,-1,-1,
42,-1,964.5654755830765,243.24604493379593,22.870391607284546,74.8363641500473,0.9999954700469971,-1,-1,-1,
42,-1,212.3663628101349,364.95743787288666,46.79192304611206,118.03391861915588,1.0,-1,-1,-1,
42,-1,1615.0556749105453,234.09547698497772,45.1401150226593,87.62987351417542,0.999998927116394,-1,-1,-1,
43,-1,212.79140710830688,523.1990772485733,66.27715587615967,141.00500464439392,1.0,-1,-1,-1,
43,-1,554.8703402280807,399.63272112607956,42.29106545448303,107.68740141391754,1.0,-1,-1,-1,
43,-1,1434.21855032444,614.0626970529556,51.453341245651245,125.09995150566101,1.0,-1,-1,-1,
43,-1,1339.7680020332336,529.835334956646,47.36424922943115,135.88958036899567,1.0,-1,-1,-1,
43,-1,1169.897575378418,337.71107107400894,40.38825988769531,99.95122611522675,1.0,-1,-1,-1,
43,-1,453.2024359703064,748.9521911144257,86.45226001739502,175.003671169281,1.0,-1,-1,-1,
43,-1,1263.9570933580399,396.99347573518753,39.82735991477966,106.02860534191132,1.0,-1,-1,-1,
43,-1,731.7459458112717,345.3181768655777,42.76722550392151,103.24760413169861,1.0,-1,-1,-1,
43,-1,1127.6340222358704,686.8557039499283,87.89899349212646,162.82459902763367,1.0,-1,-1,-1,
43,-1,1843.6154294013977,429.02002823352814,60.93808650970459,103.95886158943176,1.0,-1,-1,-1,
43,-1,1616.4671963453293,243.71090823411942,30.761514902114868,72.0026124715805,0.9999995231628418,-1,-1,-1,
43,-1,1413.7780505418777,359.2406601905823,41.155675649642944,103.10691690444946,0.9999997615814209,-1,-1,-1,
43,-1,1688.741220831871,235.2730992436409,34.546061754226685,88.74336898326874,1.0,-1,-1,-1,
43,-1,193.57712924480438,365.1837589144707,38.795753717422485,121.66516506671906,1.0,-1,-1,-1,
44,-1,1323.356847167015,523.981862783432,37.297078371047974,131.43825387954712,1.0,-1,-1,-1,
44,-1,172.42697060108185,373.6058093905449,45.49184203147888,113.33729231357574,1.0,-1,-1,-1,
44,-1,731.5715610980988,348.18712931871414,35.45325994491577,99.80588471889496,1.0,-1,-1,-1,
44,-1,1421.3887023925781,626.9163259863853,74.8443603515625,122.7026778459549,1.0,-1,-1,-1,
44,-1,240.8566403388977,531.4102401137352,44.31508541107178,134.20979225635529,1.0,-1,-1,-1,
44,-1,1174.4709223508835,686.4542512893677,51.92996621131897,147.30147743225098,1.0,-1,-1,-1,
44,-1,486.53352677822113,733.6640793085098,51.79096341133118,201.64361357688904,0.9999998807907104,-1,-1,-1,
44,-1,1853.2945615053177,427.49019545316696,37.323077917099,109.71144354343414,1.0,-1,-1,-1,
44,-1,1168.6802637577057,339.28797018527985,34.98047590255737,93.35952258110046,0.9999998807907104,-1,-1,-1,
44,-1,1416.1408138275146,360.98914235830307,35.68216323852539,102.80427038669586,1.0,-1,-1,-1,
44,-1,557.588626742363,398.15817350149155,32.16413140296936,110.6437064409256,1.0,-1,-1,-1,
44,-1,920.4453706741333,241.511332154274,24.534788131713867,77.74465012550354,0.9999959468841553,-1,-1,-1,
44,-1,1668.8583433628082,242.69421207904816,45.35803556442261,81.57447123527527,0.9999990463256836,-1,-1,-1,
44,-1,1245.6210350990295,400.42058408260345,33.97162914276123,102.65329957008362,1.0,-1,-1,-1,
44,-1,1611.8834245204926,243.1815077662468,31.711513996124268,82.44616234302521,0.999995231628418,-1,-1,-1,
45,-1,1436.5496331453323,621.8881577253342,50.7824170589447,135.16605019569397,1.0,-1,-1,-1,
45,-1,239.27913308143616,533.4214446544647,54.9890398979187,143.62344789505005,1.0,-1,-1,-1,
45,-1,1400.7140761613846,361.7618663907051,49.35393691062927,101.26339280605316,1.0,-1,-1,-1,
45,-1,142.7776461839676,374.65180975198746,35.27727484703064,109.31603229045868,1.0,-1,-1,-1,
45,-1,1166.2874615192413,681.0176410675049,96.23374700546265,155.7715244293213,1.0,-1,-1,-1,
45,-1,1304.3262898921967,521.0784836411476,37.93280839920044,130.82972609996796,1.0,-1,-1,-1,
45,-1,544.7934401035309,400.6497713327408,35.42273283004761,105.73582720756531,1.0,-1,-1,-1,
45,-1,1231.0412031412125,406.3008209466934,35.67851901054382,109.21776366233826,1.0,-1,-1,-1,
45,-1,1827.9217457771301,427.14983278512955,61.967482566833496,108.32579505443573,1.0,-1,-1,-1,
45,-1,1167.5226920843124,340.06580221652985,33.20252537727356,92.2968270778656,1.0,-1,-1,-1,
45,-1,493.4416723251343,737.8517661094666,62.5502872467041,168.18683910369873,0.9999996423721313,-1,-1,-1,
45,-1,895.2088728547096,246.7279306948185,25.35312831401825,70.95438641309738,0.9999979734420776,-1,-1,-1,
45,-1,705.4695904254913,346.40754210948944,53.88007879257202,103.97801899909973,0.999995231628418,-1,-1,-1,
45,-1,1595.1067239046097,247.5900342464447,46.93010687828064,81.09721612930298,0.9999964237213135,-1,-1,-1,
46,-1,502.9292643070221,731.0270837545395,54.41471815109253,184.51283383369446,1.0,-1,-1,-1,
46,-1,1418.442724943161,630.5433930158615,67.14645624160767,138.7959930896759,1.0,-1,-1,-1,
46,-1,245.54675817489624,537.4430184960365,55.639729499816895,137.63431441783905,1.0,-1,-1,-1,
46,-1,1273.1075298786163,523.6773397922516,44.01710271835327,124.82902479171753,1.0,-1,-1,-1,
46,-1,1145.692183971405,340.6416719555855,43.78920078277588,95.18809926509857,0.9999998807907104,-1,-1,-1,
46,-1,1208.3827382326126,410.75118666887283,36.440852880477905,108.48036754131317,1.0,-1,-1,-1,
46,-1,1211.3821095228195,679.52787566185,58.60876679420471,144.48444986343384,0.9999998807907104,-1,-1,-1,
46,-1,106.84418499469757,375.8897559642792,48.910993337631226,113.84070539474487,0.9999997615814209,-1,-1,-1,
46,-1,1821.3282126188278,430.95275723934174,39.985939264297485,108.44586682319641,1.0,-1,-1,-1,
46,-1,1646.5854334831238,243.54966670274734,38.296265602111816,87.41123378276825,1.0,-1,-1,-1,
46,-1,1402.954153418541,369.32021766901016,28.79140019416809,101.91370189189911,0.9999998807907104,-1,-1,-1,
46,-1,868.7497964501381,246.08637875318527,26.385485529899597,77.07949984073639,0.999957799911499,-1,-1,-1,
47,-1,495.80882728099823,729.0938204526901,58.01453232765198,172.16302514076233,1.0,-1,-1,-1,
47,-1,254.1915500164032,547.2733445763588,48.897249698638916,129.92052161693573,1.0,-1,-1,-1,
47,-1,1409.6606004238129,628.4130340218544,50.59426546096802,131.80134665966034,1.0,-1,-1,-1,
47,-1,1239.1236573457718,521.6612525582314,49.906829595565796,125.98475539684296,1.0,-1,-1,-1,
47,-1,1191.2184190750122,409.18518590927124,32.944936752319336,116.47369050979614,1.0,-1,-1,-1,
47,-1,686.9349020719528,351.06900304555893,40.56111931800842,103.5023957490921,1.0,-1,-1,-1,
47,-1,521.2814784049988,408.2064376473427,47.09482669830322,110.41835582256317,1.0,-1,-1,-1,
47,-1,1370.3626084327698,374.02884471416473,51.393771171569824,98.18270945549011,1.0,-1,-1,-1,
47,-1,70.04118025302887,382.01560324430466,56.27111792564392,114.99765264987946,1.0,-1,-1,-1,
47,-1,1241.222562789917,674.8550899028778,41.89790725708008,132.71631574630737,1.0,-1,-1,-1,
47,-1,1791.9736951589584,427.320186316967,53.29053997993469,111.34291326999664,1.0,-1,-1,-1,
47,-1,1792.45387673378,566.1101396083832,76.66123151779175,103.46727705001831,1.0,-1,-1,-1,
47,-1,1586.6230389475822,262.34212642908096,28.941269516944885,71.64001214504242,0.9999979734420776,-1,-1,-1,
48,-1,248.37766706943512,544.583896279335,57.89281725883484,144.11762022972107,1.0,-1,-1,-1,
48,-1,510.59277534484863,407.6156977415085,34.13572311401367,118.18377900123596,1.0,-1,-1,-1,
48,-1,1251.373461484909,667.9770310521126,60.85392236709595,147.61659944057465,1.0,-1,-1,-1,
48,-1,1205.511839389801,536.552198946476,44.09106731414795,107.13880813121796,1.0,-1,-1,-1,
48,-1,497.2540283203125,728.1884075403214,51.58836364746094,172.2783944606781,1.0,-1,-1,-1,
48,-1,1399.274463057518,623.612224817276,41.16443753242493,138.06702661514282,1.0,-1,-1,-1,
48,-1,1701.478350162506,563.0636447668076,78.57177257537842,109.66274857521057,1.0,-1,-1,-1,
48,-1,1577.010081410408,254.89332515001297,51.828378438949585,83.98367965221405,1.0,-1,-1,-1,
48,-1,1370.514115691185,376.7822073698044,29.65643048286438,99.38584113121033,1.0,-1,-1,-1,
48,-1,1171.0792484879494,417.48946595191956,27.906047701835632,110.35761022567749,1.0,-1,-1,-1,
48,-1,681.1777791380882,357.6560926437378,28.54448139667511,97.51160144805908,1.0,-1,-1,-1,
48,-1,44.388787150382996,381.6804515719414,37.370649576187134,123.7609316110611,1.0,-1,-1,-1,
48,-1,1119.362862110138,343.9767993092537,37.88888454437256,93.19962966442108,0.9999998807907104,-1,-1,-1,
48,-1,1784.0133655071259,427.01473957300186,35.47424554824829,95.33552634716034,0.9999998807907104,-1,-1,-1,
48,-1,808.8306641578674,250.48019117116928,30.87623119354248,74.88721239566803,0.999994158744812,-1,-1,-1,
49,-1,1393.5179579257965,630.7591633200645,62.45344877243042,131.06828606128693,1.0,-1,-1,-1,
49,-1,500.9110897779465,414.1790626645088,39.24673676490784,113.28404939174652,1.0,-1,-1,-1,
49,-1,1163.6195486783981,535.9925512075424,44.65924859046936,108.1238214969635,1.0,-1,-1,-1,
49,-1,1147.4891477823257,416.6500064134598,39.772528409957886,111.34535622596741,1.0,-1,-1,-1,
49,-1,664.1821700334549,358.23641699552536,42.33641982078552,99.34365427494049,1.0,-1,-1,-1,
49,-1,494.55840826034546,717.8887184858322,61.55689716339111,175.03910851478577,1.0,-1,-1,-1,
49,-1,1627.059400677681,558.4919648766518,56.74393057823181,104.1718043088913,1.0,-1,-1,-1,
49,-1,1117.1352875232697,345.31048107147217,34.38054800033569,92.6070728302002,1.0,-1,-1,-1,
49,-1,1357.7716863155365,380.44940131902695,38.13719987869263,102.12846958637238,1.0,-1,-1,-1,
49,-1,12.228074669837952,391.0388429760933,55.92863202095032,109.42923867702484,1.0,-1,-1,-1,
49,-1,1280.5453312397003,670.8742126822472,52.18806982040405,160.10134041309357,1.0,-1,-1,-1,
49,-1,271.60758912563324,553.259417116642,35.37544369697571,130.90473353862762,1.0,-1,-1,-1,
49,-1,1773.3142018318176,428.9462825059891,37.32583522796631,107.55288434028625,0.9999997615814209,-1,-1,-1,
49,-1,1579.2677092552185,266.12304335832596,31.12865924835205,73.78807532787323,0.9999957084655762,-1,-1,-1,
50,-1,493.7681007385254,717.2941081523895,59.542579650878906,175.4526343345642,1.0,-1,-1,-1,
50,-1,1390.5467337369919,627.8417508602142,40.98775506019592,132.10938119888306,1.0,-1,-1,-1,
50,-1,1303.7530875205994,662.7795054316521,60.026936531066895,154.16111433506012,1.0,-1,-1,-1,
50,-1,264.26772952079773,545.6174823045731,56.48954629898071,150.25169920921326,1.0,-1,-1,-1,
50,-1,1121.25239610672,545.566691994667,38.645567893981934,104.82198786735535,1.0,-1,-1,-1,
50,-1,491.12393885850906,413.97828483581543,29.76815164089203,119.62118339538574,1.0,-1,-1,-1,
50,-1,1529.773324728012,559.2904397249222,71.61202669143677,98.479572057724,0.9999997615814209,-1,-1,-1,
50,-1,658.3682852983475,357.94745939970016,27.548822164535522,105.13803684711456,0.9999998807907104,-1,-1,-1,
50,-1,1352.4793142080307,380.1921860575676,33.01469922065735,105.26024258136749,0.9999998807907104,-1,-1,-1,
50,-1,1759.728455543518,424.9229319691658,34.33253288269043,113.63286101818085,1.0,-1,-1,-1,
50,-1,1117.1160900592804,350.9683687090874,27.40691900253296,75.77613937854767,0.9999954700469971,-1,-1,-1,
50,-1,1131.0434567928314,408.0030704140663,32.83480882644653,114.46898925304413,1.0,-1,-1,-1,
