1,-1,189.17739272117615,653.0095821619034,74.18425798416138,135.01097559928894,1.0,-1,-1,-1,
1,-1,809.3567562103271,377.84700787067413,45.7005500793457,101.80149006843567,1.0,-1,-1,-1,
1,-1,1304.941281080246,416.98980098962784,41.14656686782837,105.86746680736542,1.0,-1,-1,-1,
1,-1,1543.4865063428879,538.0276349186897,48.904749155044556,115.41021287441254,1.0,-1,-1,-1,
1,-1,778.3688235282898,501.7293453812599,75.47869205474854,133.00455558300018,1.0,-1,-1,-1,
1,-1,1636.3089430332184,639.6736013889313,61.930224895477295,157.26978063583374,0.9999992847442627,-1,-1,-1,
1,-1,521.8384337425232,431.4485549926758,54.258198738098145,118.61314058303833,1.0,-1,-1,-1,
1,-1,606.5075469017029,448.23558765649796,57.48131275177002,121.31050193309784,1.0,-1,-1,-1,
1,-1,380.6749391555786,516.9211068749428,79.15680885314941,106.26969516277313,0.9999994039535522,-1,-1,-1,
1,-1,875.1844471693039,347.82074707746506,47.79810547828674,82.02786648273468,0.9999996423721313,-1,-1,-1,
1,-1,965.673685669899,495.2487030029297,51.739786863327026,110.38314056396484,1.0,-1,-1,-1,
1,-1,415.0912535190582,459.71035301685333,69.63982343673706,133.38916182518005,0.9999998807907104,-1,-1,-1,
2,-1,1721.1010551452637,637.3746671676636,72.34668731689453,166.03696060180664,1.0,-1,-1,-1,
2,-1,1035.2599203586578,492.6436477303505,61.938350200653076,110.60073745250702,1.0,-1,-1,-1,
2,-1,690.4008793830872,442.684578537941,46.890692710876465,128.24307990074158,1.0,-1,-1,-1,
2,-1,961.0802274942398,354.4249824285507,50.32970309257507,75.51354575157166,1.0,-1,-1,-1,
2,-1,1384.7694700956345,411.0474135875702,46.57395958900452,116.24140691757202,1.0,-1,-1,-1,
2,-1,852.885035276413,505.9244447350502,72.92251825332642,104.1397465467453,1.0,-1,-1,-1,
2,-1,437.67844319343567,492.5591806769371,55.49855947494507,119.0284720659256,1.0,-1,-1,-1,
2,-1,605.9529483318329,434.5772831439972,55.70659875869751,117.19808006286621,1.0,-1,-1,-1,
2,-1,1635.0224304199219,542.7050957679749,45.5712890625,101.90413284301758,1.0,-1,-1,-1,
2,-1,279.28752064704895,640.9743949770927,72.18547582626343,141.58798277378082,0.9999994039535522,-1,-1,-1,
2,-1,503.10321629047394,459.3583002090454,48.411945104599,102.35479545593262,0.9999998807907104,-1,-1,-1,
2,-1,1777.0913636684418,877.7682681083679,92.8817868232727,192.88738346099854,0.9995458722114563,-1,-1,-1,
2,-1,895.3818690776825,380.4518040418625,42.370569705963135,97.80056548118591,1.0,-1,-1,-1,
2,-1,1.2650799751281738,485.46621733903885,52.70435929298401,123.58625543117523,0.999994158744812,-1,-1,-1,
3,-1,933.6481332778931,502.07479190826416,68.7861156463623,126.57455062866211,1.0,-1,-1,-1,
3,-1,1832.7163016796112,642.0399920940399,56.59300088882446,153.6363615989685,1.0,-1,-1,-1,
3,-1,1132.677599787712,490.90637451410294,48.81388306617737,116.8366287946701,1.0,-1,-1,-1,
3,-1,518.6693572998047,494.2264755964279,46.601600646972656,119.44824528694153,1.0,-1,-1,-1,
3,-1,702.8267937898636,441.32025039196014,46.643890142440796,121.42991709709167,1.0,-1,-1,-1,
3,-1,991.7547869682312,383.7295895218849,39.084649085998535,97.87863385677338,1.0,-1,-1,-1,
3,-1,787.0898938179016,445.6609261035919,40.26467800140381,125.25952577590942,1.0,-1,-1,-1,
3,-1,1060.5375069379807,350.4196869134903,53.606611490249634,79.26998162269592,1.0,-1,-1,-1,
3,-1,375.8395528793335,635.8154963850975,68.93729209899902,132.095756649971,0.9999998807907104,-1,-1,-1,
3,-1,1744.3997132778168,538.6874567270279,47.59225130081177,144.40614008903503,1.0,-1,-1,-1,
3,-1,1475.0605934858322,421.33972227573395,45.64907670021057,104.34193253517151,1.0,-1,-1,-1,
3,-1,107.52279281616211,491.28088545799255,88.23795318603516,119.29763174057007,0.9999996423721313,-1,-1,-1,
3,-1,604.9038827419281,469.3655490875244,52.36283540725708,90.85304975509644,1.0,-1,-1,-1,
3,-1,557.3399412631989,500.2444980740547,52.516772747039795,108.19961106777191,0.9999997615814209,-1,-1,-1,
4,-1,458.139363527298,625.0473922491074,62.44849920272827,134.48588490486145,1.0,-1,-1,-1,
4,-1,684.3355643749237,472.8716125488281,51.397154331207275,116.53456163406372,1.0,-1,-1,-1,
4,-1,1552.0052790641785,418.83754473924637,59.07919406890869,125.09965217113495,1.0,-1,-1,-1,
4,-1,1210.9828466176987,489.1293042898178,57.944737672805786,121.61025166511536,1.0,-1,-1,-1,
4,-1,1014.7356641292572,505.83719033002853,47.60157823562622,125.5161520242691,1.0,-1,-1,-1,
4,-1,789.6567553281784,442.40629720687866,54.07756447792053,122.97948503494263,0.9999997615814209,-1,-1,-1,
4,-1,589.7988867759705,497.5952249765396,42.75574207305908,113.11397910118103,1.0,-1,-1,-1,
4,-1,1840.75592815876,551.6987593173981,52.50395178794861,125.74124193191528,1.0,-1,-1,-1,
4,-1,868.9961117506027,446.0927386879921,48.64725708961487,121.14132964611053,1.0,-1,-1,-1,
4,-1,1087.162612080574,383.0596740245819,49.595292806625366,97.12872362136841,0.9999997615814209,-1,-1,-1,
4,-1,638.732099533081,500.76111406087875,39.07350540161133,105.79278767108917,0.9999998807907104,-1,-1,-1,
4,-1,1154.8277825117111,356.5111783146858,47.941328287124634,90.8757895231247,0.999998927116394,-1,-1,-1,
4,-1,229.4695258140564,498.7757166624069,68.92923831939697,114.37887024879456,1.0,-1,-1,-1,
4,-1,1808.5248720645905,303.85547840595245,55.84728956222534,106.39494252204895,0.9999998807907104,-1,-1,-1,
5,-1,762.3002690076828,469.8382321000099,48.07139039039612,120.35406053066254,1.0,-1,-1,-1,
5,-1,1177.7409517765045,393.52131593227386,47.29626417160034,98.72846388816833,1.0,-1,-1,-1,
5,-1,521.0786032676697,621.9991818666458,79.47594165802002,132.4921624660492,0.9999997615814209,-1,-1,-1,
5,-1,1632.301161289215,425.65034222602844,44.10045146942139,121.45689582824707,1.0,-1,-1,-1,
5,-1,875.3906661272049,449.276304602623,43.17504286766052,115.85341143608093,1.0,-1,-1,-1,
5,-1,950.0205320119858,449.9120187163353,37.73710370063782,118.61488831043243,1.0,-1,-1,-1,
5,-1,703.4151810407639,494.5903006196022,42.17487931251526,114.26134765148163,1.0,-1,-1,-1,
5,-1,651.4393508434296,489.0550081729889,46.61409616470337,126.27332353591919,1.0,-1,-1,-1,
5,-1,1671.2692362070084,590.1245175004005,46.724528074264526,127.2112158536911,1.0,-1,-1,-1,
5,-1,1287.1851789951324,501.2973638176918,42.35853910446167,104.39636313915253,1.0,-1,-1,-1,
5,-1,1240.2676981687546,362.93948543071747,41.97703957557678,93.47423529624939,1.0,-1,-1,-1,
5,-1,1070.5543756484985,504.25215446949005,60.597639083862305,128.20445609092712,1.0,-1,-1,-1,
5,-1,326.3099133968353,490.7292505502701,73.23376893997192,125.94110083580017,0.9999983310699463,-1,-1,-1,
6,-1,571.2929356098175,603.0250743627548,50.02582311630249,144.73494458198547,1.0,-1,-1,-1,
6,-1,1686.7788702249527,426.12565165758133,46.57546877861023,121.80538880825043,1.0,-1,-1,-1,
6,-1,1261.087270975113,400.44824999570847,40.231311321258545,95.82212841510773,1.0,-1,-1,-1,
6,-1,822.2040903568268,473.5507237315178,48.368117809295654,118.52064621448517,1.0,-1,-1,-1,
6,-1,1124.427434206009,510.39816176891327,48.0453085899353,115.82695412635803,1.0,-1,-1,-1,
6,-1,705.8313685655594,496.15319216251373,38.46791625022888,119.83390402793884,1.0,-1,-1,-1,
6,-1,760.3036969900131,504.0547674894333,44.62885022163391,108.51716637611389,0.9999998807907104,-1,-1,-1,
6,-1,1341.2241053581238,496.96686547994614,57.38203525543213,111.96533596515656,1.0,-1,-1,-1,
6,-1,938.7041276693344,446.27904385328293,50.4922878742218,123.8125330209732,1.0,-1,-1,-1,
6,-1,403.89466524124146,510.2089372873306,83.47190380096436,109.74312472343445,0.9999978542327881,-1,-1,-1,
6,-1,1008.9342677593231,453.010689496994,41.4676308631897,110.80680513381958,1.0,-1,-1,-1,
6,-1,1313.6680287122726,359.2672494649887,37.00621247291565,89.43163561820984,1.0,-1,-1,-1,
7,-1,608.1729501485825,607.153330385685,49.91584897041321,127.0513905286789,1.0,-1,-1,-1,
7,-1,1075.3250420093536,449.2412196993828,34.824464321136475,119.92095243930817,1.0,-1,-1,-1,
7,-1,1392.5149047374725,506.02574050426483,59.64754343032837,99.63871121406555,1.0,-1,-1,-1,
7,-1,996.947209239006,448.6754452586174,46.710745096206665,125.20256531238556,1.0,-1,-1,-1,
7,-1,1164.8039066791534,510.06347036361694,46.8203330039978,113.56002616882324,1.0,-1,-1,-1,
7,-1,880.7761538028717,474.50103038549423,51.517531871795654,115.944051861763,1.0,-1,-1,-1,
7,-1,750.1530092954636,496.82417303323746,41.37004494667053,113.32587897777557,1.0,-1,-1,-1,
7,-1,1749.770466685295,429.62029695510864,39.3739378452301,121.23859405517578,1.0,-1,-1,-1,
7,-1,809.2784214019775,507.4743651151657,42.93291091918945,115.20055317878723,0.9999998807907104,-1,-1,-1,
7,-1,470.3245496749878,492.08254516124725,67.4208927154541,124.59703087806702,0.9999998807907104,-1,-1,-1,
7,-1,1379.2435240745544,363.53532207012177,38.38398456573486,84.84026885032654,0.9999998807907104,-1,-1,-1,
7,-1,1790.1905804872513,589.4267188310623,58.395313024520874,129.7244575023651,1.0,-1,-1,-1,
7,-1,1343.7081974744797,403.20131009817123,36.52395844459534,87.19449627399445,0.9999998807907104,-1,-1,-1,
8,-1,632.8347587585449,597.8275761008263,81.72306060791016,127.72879421710968,0.9999998807907104,-1,-1,-1,
8,-1,1463.0038046836853,497.12225872278214,47.706685066223145,105.45272433757782,1.0,-1,-1,-1,
8,-1,809.6373635530472,485.5239293575287,42.19705939292908,123.71480512619019,1.0,-1,-1,-1,
8,-1,948.7158268690109,458.33324682712555,40.00937104225159,133.2024929523468,1.0,-1,-1,-1,
8,-1,1811.4933961629868,419.9977621436119,49.79145169258118,126.23521149158478,1.0,-1,-1,-1,
8,-1,1216.254014968872,499.75689339637756,52.82529830932617,116.80315160751343,1.0,-1,-1,-1,
8,-1,1426.725286245346,400.83525574207306,45.313847064971924,95.172292470932,1.0,-1,-1,-1,
8,-1,1137.9048943519592,444.89992439746857,41.537089347839355,115.04671454429626,1.0,-1,-1,-1,
8,-1,857.9028886556625,499.80728298425674,43.73890042304993,112.1308583021164,0.9999998807907104,-1,-1,-1,
8,-1,1059.4047456979752,439.8471221923828,45.26185870170593,109.85696840286255,1.0,-1,-1,-1,
8,-1,538.7281823158264,474.6146551966667,56.77169322967529,115.7369509935379,0.9999998807907104,-1,-1,-1,
9,-1,684.6043199300766,579.6743468642235,50.59436917304993,120.92605984210968,1.0,-1,-1,-1,
9,-1,1253.1518000364304,499.42193645238876,43.92024636268616,106.93134033679962,1.0,-1,-1,-1,
9,-1,1194.953452348709,429.2366192936897,36.70655965805054,116.29670655727386,1.0,-1,-1,-1,
9,-1,1108.8583499193192,427.28527361154556,45.51381468772888,122.31997382640839,1.0,-1,-1,-1,
9,-1,992.7357119321823,454.13176810741425,42.31933236122131,121.62863659858704,1.0,-1,-1,-1,
9,-1,1858.3086079359055,410.2572637796402,38.00963044166565,118.4535276889801,1.0,-1,-1,-1,
9,-1,1504.3723940849304,490.7977434396744,51.1620569229126,106.57396388053894,1.0,-1,-1,-1,
9,-1,849.155101776123,471.0840044617653,37.181968688964844,128.306587100029,1.0,-1,-1,-1,
9,-1,573.2956123352051,462.9833571910858,79.691162109375,121.04192161560059,0.9999998807907104,-1,-1,-1,
9,-1,894.261948466301,494.9940176010132,42.165266275405884,112.31772994995117,0.9999998807907104,-1,-1,-1,
9,-1,1502.211148738861,384.81527584791183,40.58777332305908,108.12616789340973,0.9999996423721313,-1,-1,-1,
10,-1,694.280594587326,567.1915740966797,53.783133029937744,125.5579719543457,1.0,-1,-1,-1,
10,-1,1143.3158147335052,408.2224858403206,46.53876543045044,128.74666678905487,1.0,-1,-1,-1,
10,-1,612.8963220119476,427.2021970152855,60.95402956008911,131.446915268898,1.0,-1,-1,-1,
10,-1,1545.6822574138641,482.05125617980957,46.53747797012329,101.69390344619751,1.0,-1,-1,-1,
10,-1,1023.6785870790482,431.33117723464966,41.08291983604431,142.05578470230103,1.0,-1,-1,-1,
10,-1,1281.3009059429169,481.46487110853195,39.46720361709595,106.88020241260529,1.0,-1,-1,-1,
10,-1,1240.6381237506866,411.90619146823883,36.4690375328064,118.0623071193695,1.0,-1,-1,-1,
10,-1,877.3760855197906,464.51541405916214,47.020747661590576,124.96311700344086,0.9999998807907104,-1,-1,-1,
10,-1,1559.7354447841644,372.3225574493408,33.39745759963989,104.05652189254761,1.0,-1,-1,-1,
10,-1,1561.0886031389236,317.6636610031128,36.868661642074585,94.735360622406,1.0,-1,-1,-1,
10,-1,1881.5105313062668,404.0638618469238,38.814722299575806,114.03923177719116,0.999998927116394,-1,-1,-1,
10,-1,1662.80635535717,192.81471920013428,39.89876389503479,87.12853646278381,1.0,-1,-1,-1,
11,-1,702.4516904354095,540.4171677231789,61.41150712966919,141.3172491788864,1.0,-1,-1,-1,
11,-1,1577.0984941720963,464.36360317468643,40.827730894088745,121.22958505153656,1.0,-1,-1,-1,
11,-1,1292.7615559101105,471.95713108778,43.8119101524353,108.13033926486969,1.0,-1,-1,-1,
11,-1,1037.9147815704346,425.7548341155052,52.21647262573242,125.52685081958771,1.0,-1,-1,-1,
11,-1,1172.617553472519,388.58279514312744,37.14259386062622,129.79330444335938,1.0,-1,-1,-1,
11,-1,1600.7438170909882,351.2844595313072,34.713613986968994,114.83732521533966,1.0,-1,-1,-1,
11,-1,1602.5218284130096,300.15506315231323,34.54206705093384,87.94479274749756,1.0,-1,-1,-1,
11,-1,630.5130815505981,409.9210097193718,62.89675712585449,132.63761007785797,0.9999996423721313,-1,-1,-1,
11,-1,1275.5752050876617,392.0526165962219,39.891765117645264,119.3148193359375,1.0,-1,-1,-1,
11,-1,892.9170244932175,467.93561840057373,45.67233681678772,120.15670251846313,0.9999995231628418,-1,-1,-1,
11,-1,1897.920371890068,377.6544215083122,22.70776391029358,135.15298569202423,0.9999951124191284,-1,-1,-1,
11,-1,1686.265373826027,177.5407758951187,41.57302737236023,85.0221483707428,0.9999988079071045,-1,-1,-1,
12,-1,1176.3703161478043,378.89706856012344,38.324278593063354,135.52282798290253,1.0,-1,-1,-1,
12,-1,1044.1252934932709,405.2040721178055,42.29186296463013,152.18879914283752,1.0,-1,-1,-1,
12,-1,683.7070763111115,537.5557372570038,54.872682094573975,141.14225435256958,1.0,-1,-1,-1,
12,-1,1582.421396970749,460.9379013776779,40.53470849990845,123.44214034080505,1.0,-1,-1,-1,
12,-1,641.9606477022171,405.89177548885345,57.92616248130798,129.356449842453,1.0,-1,-1,-1,
12,-1,1619.1067403554916,346.6606857776642,40.06403088569641,114.69143342971802,1.0,-1,-1,-1,
12,-1,1293.2420003414154,469.06222504377365,40.944435596466064,117.33559048175812,0.9999998807907104,-1,-1,-1,
12,-1,861.2895083427429,467.03767597675323,63.96753787994385,122.53896117210388,0.9999997615814209,-1,-1,-1,
12,-1,1288.0987536907196,388.93496865034103,47.027742862701416,122.85925877094269,0.9999998807907104,-1,-1,-1,
12,-1,1892.8432649374008,377.532194852829,27.228509187698364,130.34686088562012,0.9999984502792358,-1,-1,-1,
12,-1,1620.1726788282394,294.378046810627,36.596399545669556,102.25308930873871,0.9999997615814209,-1,-1,-1,
13,-1,1173.5027825832367,373.48057812452316,37.93057680130005,140.7715140581131,1.0,-1,-1,-1,
13,-1,1579.9406468868256,464.04071938991547,45.53534746170044,124.06158900260925,1.0,-1,-1,-1,
13,-1,1036.787531375885,404.5304648280144,47.09937572479248,138.5518423318863,1.0,-1,-1,-1,
13,-1,656.5537333488464,542.7924113273621,69.14724826812744,137.12642097473145,1.0,-1,-1,-1,
13,-1,1878.4175509214401,372.74380642175674,42.587810754776,115.6468995809555,1.0,-1,-1,-1,
13,-1,1287.0683079957962,460.8121100664139,41.321529150009155,126.16732048988342,1.0,-1,-1,-1,
13,-1,641.7267823219299,398.3072710633278,51.53178691864014,131.05946052074432,1.0,-1,-1,-1,
13,-1,1305.24169921875,381.91873955726624,38.95133972167969,127.90093088150024,0.9999998807907104,-1,-1,-1,
13,-1,1638.9537692070007,345.18026250600815,34.91465091705322,119.85988819599152,1.0,-1,-1,-1,
13,-1,849.5073419809341,441.8768323659897,38.20600390434265,102.35578036308289,0.9999998807907104,-1,-1,-1,
13,-1,1644.8864650726318,281.86907583475113,38.45048904418945,91.34676826000214,1.0,-1,-1,-1,
14,-1,1342.3916655778885,382.1206455230713,33.31984877586365,118.27935361862183,1.0,-1,-1,-1,
14,-1,661.4912348985672,394.41541689634323,56.40069365501404,133.4471651315689,1.0,-1,-1,-1,
14,-1,1195.7249397039413,375.1462749838829,34.17847752571106,136.41420757770538,1.0,-1,-1,-1,
14,-1,1306.1702513694763,475.0108260512352,40.4862642288208,113.75570404529572,1.0,-1,-1,-1,
14,-1,1054.3995916843414,401.0804557800293,37.170817852020264,137.11008310317993,1.0,-1,-1,-1,
14,-1,650.4916191101074,544.6302287578583,50.854339599609375,136.96671152114868,1.0,-1,-1,-1,
14,-1,855.3784310817719,434.0645649433136,41.180241107940674,116.2533802986145,1.0,-1,-1,-1,
14,-1,1599.4568502902985,460.06065648794174,42.3712420463562,130.80854094028473,1.0,-1,-1,-1,
14,-1,1676.166422367096,350.0287898182869,32.28156566619873,110.82510316371918,1.0,-1,-1,-1,
14,-1,811.9753378629684,483.7752331495285,51.993995904922485,121.70534348487854,1.0,-1,-1,-1,
14,-1,1892.6487162709236,365.7178795337677,27.740058302879333,129.77542161941528,0.9999992847442627,-1,-1,-1,
14,-1,1681.829954981804,279.80132603645325,37.64273285865784,95.74085426330566,1.0,-1,-1,-1,
15,-1,1068.2291150093079,397.83613139390945,46.79318904876709,138.14067256450653,1.0,-1,-1,-1,
15,-1,806.1237323284149,487.7043721675873,42.20886468887329,123.8337664604187,1.0,-1,-1,-1,
15,-1,1381.6276895999908,379.1715518832207,34.63303327560425,122.41944944858551,1.0,-1,-1,-1,
15,-1,1625.4313623905182,474.78163880109787,42.11792707443237,110.92114126682281,1.0,-1,-1,-1,
15,-1,628.2714128494263,552.6816515922546,60.194807052612305,123.40878868103027,1.0,-1,-1,-1,
15,-1,1215.4382765293121,374.9637227654457,40.86622953414917,116.17589128017426,1.0,-1,-1,-1,
15,-1,1329.87160384655,476.23507046699524,44.6810781955719,132.28496503829956,1.0,-1,-1,-1,
15,-1,692.8056442737579,393.5646775960922,52.61705160140991,134.35576128959656,0.9999998807907104,-1,-1,-1,
15,-1,865.8921951055527,435.7331376671791,35.15820622444153,117.28516709804535,1.0,-1,-1,-1,
15,-1,1712.7063345909119,348.7850822210312,35.86388111114502,111.35647988319397,1.0,-1,-1,-1,
15,-1,1725.8248007297516,277.88073778152466,33.437297344207764,97.48379230499268,1.0,-1,-1,-1,
15,-1,1722.9273426532745,139.86764931678772,37.73944616317749,89.16862678527832,0.9999992847442627,-1,-1,-1,
16,-1,595.814802646637,548.6481269001961,80.11970043182373,122.14419686794281,1.0,-1,-1,-1,
16,-1,1087.8378403186798,392.75320422649384,47.20182180404663,137.04189276695251,1.0,-1,-1,-1,
16,-1,1360.0961816310883,472.0904958844185,43.89226198196411,129.70762717723846,1.0,-1,-1,-1,
16,-1,1246.1454266309738,365.18108582496643,35.716577768325806,131.68096590042114,1.0,-1,-1,-1,
16,-1,1648.8574415445328,473.6870818734169,43.94046664237976,123.15675866603851,1.0,-1,-1,-1,
16,-1,1416.7093187570572,374.97984981536865,39.45283770561218,118.05873441696167,1.0,-1,-1,-1,
16,-1,870.1804572343826,426.24596321582794,43.441346883773804,133.32442831993103,1.0,-1,-1,-1,
16,-1,794.8461467027664,489.54737162590027,50.92824339866638,120.64923334121704,1.0,-1,-1,-1,
16,-1,1770.6984132528305,270.14666426181793,32.68642544746399,108.98520970344543,1.0,-1,-1,-1,
16,-1,1755.78559756279,345.8225716352463,43.59840631484985,117.21938109397888,1.0,-1,-1,-1,
16,-1,730.1008236408234,383.6547156572342,40.02826452255249,131.4982945919037,0.9999984502792358,-1,-1,-1,
16,-1,1749.6837651729584,134.55068600177765,34.48012590408325,89.76837730407715,0.9999996423721313,-1,-1,-1,
17,-1,1113.7786799669266,386.7145582437515,42.30065703392029,131.04195427894592,1.0,-1,-1,-1,
17,-1,1663.9216840267181,475.01268965005875,49.58071947097778,117.86927497386932,1.0,-1,-1,-1,
17,-1,1460.8854961395264,368.96550142765045,41.99930191040039,123.50046229362488,1.0,-1,-1,-1,
17,-1,875.6460285186768,421.9983032941818,38.496036529541016,133.62326073646545,1.0,-1,-1,-1,
17,-1,1391.990522146225,477.34328573942184,40.174076557159424,118.46201527118683,1.0,-1,-1,-1,
17,-1,1270.5462509393692,362.18343883752823,35.02909541130066,125.61443030834198,1.0,-1,-1,-1,
17,-1,577.7157372236252,547.3548295497894,56.17787003517151,119.26487874984741,1.0,-1,-1,-1,
17,-1,1800.8204537630081,351.95075887441635,44.6392285823822,105.84987366199493,1.0,-1,-1,-1,
17,-1,772.9295647144318,494.5009331703186,61.58956289291382,126.21596717834473,1.0,-1,-1,-1,
17,-1,759.9781250953674,377.07747995853424,42.018771171569824,128.73943448066711,0.9999995231628418,-1,-1,-1,
17,-1,1813.0851638317108,264.61930257081985,40.85153818130493,107.00304543972015,1.0,-1,-1,-1,
17,-1,1774.2620328068733,137.20504134893417,28.182172179222107,78.18284690380096,0.9999933242797852,-1,-1,-1,
18,-1,1133.3997827768326,377.16691821813583,44.035853147506714,135.4529768228531,1.0,-1,-1,-1,
18,-1,1687.9332447052002,474.8197556734085,43.461055755615234,119.851979970932,1.0,-1,-1,-1,
18,-1,1505.6596076488495,358.6131101846695,33.842833042144775,125.38128733634949,1.0,-1,-1,-1,
18,-1,878.5220807790756,420.4454442858696,41.034032106399536,126.37773334980011,1.0,-1,-1,-1,
18,-1,1295.6836831569672,360.6666029691696,35.99492311477661,116.59367537498474,1.0,-1,-1,-1,
18,-1,764.4419038295746,494.0584926009178,48.10460329055786,143.19384491443634,0.9999998807907104,-1,-1,-1,
18,-1,549.1203957796097,541.2843672037125,49.72910284996033,108.68869471549988,1.0,-1,-1,-1,
18,-1,1420.0563222169876,478.63760340213776,44.79664206504822,129.62094569206238,1.0,-1,-1,-1,
18,-1,1843.4337025880814,343.16315495967865,47.81673789024353,115.15405011177063,1.0,-1,-1,-1,
18,-1,1858.5941684246063,257.4965667128563,35.124056339263916,99.61525690555573,0.9999972581863403,-1,-1,-1,
18,-1,790.0375145673752,365.4604904651642,39.625364542007446,130.4670968055725,0.9999997615814209,-1,-1,-1,
19,-1,513.8070273399353,527.9233742952347,65.50018787384033,129.87215495109558,1.0,-1,-1,-1,
19,-1,1317.7051198482513,346.2420777082443,34.61951494216919,118.72258114814758,1.0,-1,-1,-1,
19,-1,1541.3387989997864,361.3238707780838,46.46348476409912,113.46491503715515,1.0,-1,-1,-1,
19,-1,1706.3437807559967,467.77232336997986,41.74198865890503,126.64527082443237,1.0,-1,-1,-1,
19,-1,741.4182633161545,493.77795016765594,52.924429178237915,145.16057896614075,1.0,-1,-1,-1,
19,-1,876.7568796873093,407.74516636133194,51.86954140663147,132.84766566753387,1.0,-1,-1,-1,
19,-1,1448.8265919685364,477.10734897851944,46.294798851013184,136.1855353116989,1.0,-1,-1,-1,
19,-1,1160.4767900705338,371.2980560660362,37.23085284233093,124.8656884431839,1.0,-1,-1,-1,
19,-1,823.7973868846893,356.3491707444191,40.79191446304321,129.12935149669647,0.9999997615814209,-1,-1,-1,
20,-1,722.8040671348572,501.88470804691315,61.844258308410645,132.231374502182,1.0,-1,-1,-1,
20,-1,1188.207267522812,367.44410794973373,39.96516466140747,123.2585517168045,1.0,-1,-1,-1,
20,-1,1726.4648723602295,473.3141078352928,44.05099868774414,122.33528816699982,1.0,-1,-1,-1,
20,-1,495.03185391426086,532.5560411810875,53.426663875579834,128.12237083911896,1.0,-1,-1,-1,
20,-1,1486.3108795881271,481.217739880085,46.21864914894104,127.65087068080902,1.0,-1,-1,-1,
20,-1,1601.0033065080643,351.9450087547302,35.50040602684021,113.9246735572815,1.0,-1,-1,-1,
20,-1,1350.1621037721634,334.33872324228287,38.14579367637634,129.92222106456757,1.0,-1,-1,-1,
20,-1,889.4173711538315,412.81620222330093,41.33867383003235,115.62353217601776,1.0,-1,-1,-1,
20,-1,858.3304917812347,348.93963861465454,42.1044659614563,123.528329372406,0.9999991655349731,-1,-1,-1,
21,-1,1209.4598418474197,360.70810103416443,40.22361159324646,128.08134269714355,1.0,-1,-1,-1,
21,-1,1520.2804255485535,489.5109751224518,49.79940891265869,126.82433080673218,1.0,-1,-1,-1,
21,-1,1641.7031121253967,340.8599206209183,46.71210765838623,124.03868508338928,1.0,-1,-1,-1,
21,-1,893.4460937976837,410.012504696846,46.49949789047241,116.96589303016663,1.0,-1,-1,-1,
21,-1,467.6504981517792,538.0066187381744,58.82185220718384,111.86100339889526,1.0,-1,-1,-1,
21,-1,1380.0570291280746,336.9648188352585,38.46489071846008,120.66512703895569,1.0,-1,-1,-1,
21,-1,1753.1133860349655,473.8903605937958,43.225589990615845,137.3387360572815,0.9999998807907104,-1,-1,-1,
21,-1,890.1226419210434,345.01497995853424,44.98642086982727,91.79622387886047,0.9999970197677612,-1,-1,-1,
21,-1,714.2445087432861,511.6186918616295,37.8761100769043,129.47142326831818,0.9999991655349731,-1,-1,-1,
22,-1,1231.5940743684769,353.9545701742172,37.94786810874939,136.24782586097717,1.0,-1,-1,-1,
22,-1,1683.971757888794,336.4311745762825,39.2988395690918,127.78528153896332,1.0,-1,-1,-1,
22,-1,1766.1387312412262,480.64154505729675,44.14084196090698,124.84586477279663,1.0,-1,-1,-1,
22,-1,1402.6789551973343,330.37635004520416,39.006561040878296,119.5705668926239,1.0,-1,-1,-1,
22,-1,1547.310186624527,489.0173998475075,47.89679288864136,137.13668525218964,1.0,-1,-1,-1,
22,-1,886.4110922813416,406.43107491731644,46.16631031036377,126.36886918544769,1.0,-1,-1,-1,
22,-1,675.9024399518967,512.4735783934593,58.13767075538635,149.7035790681839,0.9999998807907104,-1,-1,-1,
22,-1,431.22569024562836,536.434959590435,57.19560742378235,138.62291014194489,1.0,-1,-1,-1,
22,-1,912.7507120370865,338.13172459602356,40.940226316452026,127.2762680053711,0.9999984502792358,-1,-1,-1,
22,-1,0.9245002269744873,1000.2438508272171,60.603790283203125,85.87484622001648,0.9997503161430359,-1,-1,-1,
22,-1,39.74754273891449,338.0326400399208,45.60646176338196,100.0270060300827,0.9999984502792358,-1,-1,-1,
23,-1,630.9937870502472,528.8044590353966,74.84176397323608,130.67756760120392,1.0,-1,-1,-1,
23,-1,876.5285235643387,404.6268457174301,50.36691069602966,125.86389183998108,1.0,-1,-1,-1,
23,-1,1572.163469195366,501.178893327713,40.92818856239319,128.26708459854126,1.0,-1,-1,-1,
23,-1,1771.1423170566559,492.72682893276215,52.08441495895386,125.4825975894928,1.0,-1,-1,-1,
23,-1,1719.2470568418503,339.5424093604088,41.24221444129944,128.83953773975372,1.0,-1,-1,-1,
23,-1,1243.8679379224777,357.3299113512039,37.025781869888306,131.25002074241638,1.0,-1,-1,-1,
23,-1,394.9438065290451,558.270367205143,55.25879502296448,114.95703971385956,1.0,-1,-1,-1,
23,-1,1426.73213660717,326.8336116671562,33.37998032569885,122.08774816989899,1.0,-1,-1,-1,
23,-1,935.811225771904,331.6378245949745,40.042816400527954,133.66216456890106,0.999992847442627,-1,-1,-1,
23,-1,13.231147527694702,984.9450450539589,74.96852159500122,102.50364196300507,0.9999969005584717,-1,-1,-1,
23,-1,1875.4493701457977,84.21753072738647,39.128572940826416,90.95951628684998,0.9999958276748657,-1,-1,-1,
24,-1,591.3245451450348,546.302509367466,62.80798673629761,130.10622489452362,1.0,-1,-1,-1,
24,-1,1579.0803211927414,512.5981627106667,44.37506318092346,142.57576739788055,1.0,-1,-1,-1,
24,-1,860.884416103363,408.07010847330093,40.980305671691895,122.78361403942108,1.0,-1,-1,-1,
24,-1,1250.1362496614456,355.0515555739403,41.90271735191345,130.1719046831131,1.0,-1,-1,-1,
24,-1,947.703959941864,333.42779195308685,39.801506996154785,128.9221637248993,1.0,-1,-1,-1,
24,-1,1435.2058517932892,329.05967885255814,38.16579580307007,123.34987771511078,1.0,-1,-1,-1,
24,-1,357.3315632343292,566.8102814555168,56.26765966415405,125.09901487827301,1.0,-1,-1,-1,
24,-1,1743.9467722177505,337.16276264190674,43.11071276664734,126.08244466781616,1.0,-1,-1,-1,
24,-1,1784.7987341880798,494.66265428066254,40.50903797149658,138.2473804950714,1.0,-1,-1,-1,
24,-1,29.86489176750183,976.8956918120384,71.44153833389282,110.19072639942169,0.9999808073043823,-1,-1,-1,
24,-1,1891.5998858213425,91.14307674765587,22.523113489151,77.65808933973312,0.999786913394928,-1,-1,-1,
25,-1,1579.7406166791916,518.888320505619,47.667356729507446,141.9070347547531,1.0,-1,-1,-1,
25,-1,540.4990857839584,557.8949067592621,54.15022015571594,141.43193292617798,1.0,-1,-1,-1,
25,-1,1445.8994901180267,326.1242145895958,37.144882678985596,122.26530182361603,1.0,-1,-1,-1,
25,-1,319.64704155921936,576.4736432433128,62.83602476119995,126.1195718050003,1.0,-1,-1,-1,
25,-1,1765.5367004871368,340.2458438873291,40.77184438705444,122.97322797775269,1.0,-1,-1,-1,
25,-1,838.9628773927689,407.91570657491684,41.987117528915405,123.4001852273941,1.0,-1,-1,-1,
25,-1,1255.2727514505386,353.79172575473785,41.50733828544617,129.28681111335754,1.0,-1,-1,-1,
25,-1,1788.8567358255386,506.81875813007355,47.751463651657104,128.75577235221863,1.0,-1,-1,-1,
25,-1,950.8916276693344,327.482916533947,43.6990749835968,140.29281055927277,0.9999997615814209,-1,-1,-1,
25,-1,50.81338047981262,969.2983304858208,73.28266382217407,117.09291708469391,0.999992847442627,-1,-1,-1,
26,-1,1575.6466180086136,526.8342424035072,45.07433295249939,138.67144095897675,1.0,-1,-1,-1,
26,-1,1449.150288105011,325.92650735378265,39.2737340927124,120.06294322013855,1.0,-1,-1,-1,
26,-1,1253.6057263612747,357.35077303647995,41.65649771690369,125.23377335071564,1.0,-1,-1,-1,
26,-1,1780.9764003753662,336.7615401148796,43.19658279418945,130.26962292194366,1.0,-1,-1,-1,
26,-1,807.4181932210922,409.5311377644539,46.38019680976868,127.15443885326385,1.0,-1,-1,-1,
26,-1,1779.9977856874466,512.8717657327652,45.964282751083374,143.05724215507507,1.0,-1,-1,-1,
26,-1,472.30654656887054,572.0082013607025,55.13532757759094,149.7940649986267,1.0,-1,-1,-1,
26,-1,290.2950167655945,592.0709643959999,68.1977891921997,129.19841086864471,1.0,-1,-1,-1,
26,-1,952.8795790672302,326.67453306913376,45.554165840148926,141.93127119541168,0.9999992847442627,-1,-1,-1,
26,-1,59.05564785003662,959.7272554636002,65.30631065368652,128.8642280101776,0.9999945163726807,-1,-1,-1,
27,-1,1553.460441827774,544.536675453186,56.064040660858154,136.9130630493164,1.0,-1,-1,-1,
27,-1,278.2761061191559,605.2306290864944,60.36312818527222,134.4109160900116,1.0,-1,-1,-1,
27,-1,1439.5407646894455,328.5758931040764,43.055845499038696,118.34266769886017,1.0,-1,-1,-1,
27,-1,1768.5272133350372,520.2738064527512,47.04103231430054,130.61230301856995,1.0,-1,-1,-1,
27,-1,1245.3215056657791,354.81474173069,40.20278334617615,127.90060257911682,1.0,-1,-1,-1,
27,-1,950.1760303974152,324.50044548511505,47.3019003868103,133.47726273536682,1.0,-1,-1,-1,
27,-1,401.7242395877838,591.1936358213425,67.95490980148315,139.217919588089,0.9999997615814209,-1,-1,-1,
27,-1,767.1299278736115,419.37318617105484,51.84983968734741,126.50795352458954,1.0,-1,-1,-1,
27,-1,1789.6943128108978,342.1429166793823,43.60598802566528,122.8380446434021,1.0,-1,-1,-1,
27,-1,58.095327615737915,959.7963164448738,63.88739347457886,124.36058557033539,0.9999297857284546,-1,-1,-1,
28,-1,1226.711722612381,359.3119001984596,38.522279262542725,121.59450280666351,1.0,-1,-1,-1,
28,-1,1520.8232563734055,547.8873134851456,47.69293427467346,144.08301329612732,1.0,-1,-1,-1,
28,-1,1772.6717966794968,341.1668028831482,49.92519021034241,119.59646415710449,1.0,-1,-1,-1,
28,-1,1738.0233889818192,534.0110741257668,51.66066527366638,126.80296218395233,1.0,-1,-1,-1,
28,-1,329.6698969602585,594.6502640247345,56.63240075111389,169.44029760360718,1.0,-1,-1,-1,
28,-1,1423.8908243179321,322.05285304784775,36.66003227233887,127.02985775470734,1.0,-1,-1,-1,
28,-1,721.9162684679031,409.738423705101,43.71159911155701,123.41834807395935,1.0,-1,-1,-1,
28,-1,934.602729678154,324.1764287352562,38.73578667640686,131.91298878192902,1.0,-1,-1,-1,
28,-1,260.553258061409,617.7020464539528,55.103105306625366,130.33665454387665,1.0,-1,-1,-1,
28,-1,39.22034561634064,946.9809025526047,52.719701528549194,129.90741848945618,0.9996119141578674,-1,-1,-1,
28,-1,1816.9971147179604,82.63067874312401,29.21606719493866,76.66970604658127,0.9999889135360718,-1,-1,-1,
29,-1,1403.788588643074,322.15950947999954,39.079545736312866,115.35428559780121,1.0,-1,-1,-1,
29,-1,1206.9495767354965,356.1624423265457,38.49075436592102,123.85549235343933,1.0,-1,-1,-1,
29,-1,1717.5184661149979,528.1575890779495,42.840646505355835,142.1024615764618,1.0,-1,-1,-1,
29,-1,1492.311623096466,552.5437983870506,49.51035976409912,135.220268368721,1.0,-1,-1,-1,
29,-1,1765.502768754959,335.87702268362045,43.65953207015991,125.55288326740265,1.0,-1,-1,-1,
29,-1,913.8132655620575,322.45707535743713,47.607271671295166,129.01236963272095,1.0,-1,-1,-1,
29,-1,251.08811974525452,636.3820561766624,70.4116702079773,121.24231159687042,1.0,-1,-1,-1,
29,-1,22.86014199256897,937.6218320131302,60.60932636260986,132.9616734981537,0.9999926090240479,-1,-1,-1,
29,-1,683.399503827095,418.8991110920906,40.99594473838806,126.57728326320648,1.0,-1,-1,-1,
30,-1,1447.5692582130432,566.70120459795,46.19655132293701,139.13882768154144,1.0,-1,-1,-1,
30,-1,1181.411653161049,352.73957455158234,35.79974055290222,116.43771243095398,1.0,-1,-1,-1,
30,-1,891.3913214206696,320.3404020667076,46.54169797897339,125.59266579151154,1.0,-1,-1,-1,
30,-1,1377.4811053276062,323.7335938811302,43.07337284088135,114.15352928638458,1.0,-1,-1,-1,
30,-1,1749.005622267723,338.84551030397415,39.08584713935852,122.1260050535202,1.0,-1,-1,-1,
30,-1,619.3412464857101,413.3386423587799,49.860559701919556,120.34248304367065,1.0,-1,-1,-1,
30,-1,1677.1396601200104,538.565719306469,48.84728193283081,122.91908705234528,1.0,-1,-1,-1,
30,-1,210.60473799705505,658.4834901094437,69.69056367874146,114.62826418876648,0.9999957084655762,-1,-1,-1,
30,-1,0.6906026601791382,929.796947479248,54.5655083656311,122.95519065856934,0.9999682903289795,-1,-1,-1,
30,-1,124.16199803352356,293.320663690567,37.5171160697937,95.64460372924805,0.9999992847442627,-1,-1,-1,
31,-1,1631.4081466197968,540.5264360904694,50.708792209625244,144.62017393112183,1.0,-1,-1,-1,
31,-1,1400.5016720294952,567.7570958733559,49.38621282577515,136.63333976268768,1.0,-1,-1,-1,
31,-1,1150.282380580902,351.56493759155273,37.523159980773926,119.53570890426636,1.0,-1,-1,-1,
31,-1,1355.3045439720154,316.6636873483658,34.977078437805176,121.89035153388977,1.0,-1,-1,-1,
31,-1,144.65394973754883,642.9705780744553,69.90028381347656,144.09008145332336,1.0,-1,-1,-1,
31,-1,558.728199005127,420.2740543484688,51.36119842529297,124.74014174938202,1.0,-1,-1,-1,
31,-1,234.65014100074768,677.338002204895,60.357348918914795,122.37521553039551,1.0,-1,-1,-1,
31,-1,1728.2300555706024,336.8331808447838,46.45508050918579,120.18579590320587,0.9999998807907104,-1,-1,-1,
31,-1,867.270051240921,311.49499440193176,41.9552206993103,134.2706151008606,1.0,-1,-1,-1,
31,-1,1707.243937253952,71.745514690876,38.23353052139282,82.07519030570984,0.9999997615814209,-1,-1,-1,
31,-1,95.45570075511932,292.7383872270584,38.15196633338928,91.21172976493835,0.9999986886978149,-1,-1,-1,
32,-1,1356.2117207050323,572.4917489290237,47.90340185165405,134.4520890712738,1.0,-1,-1,-1,
32,-1,1119.972866177559,345.4214826822281,37.64482855796814,122.23174738883972,1.0,-1,-1,-1,
32,-1,1594.5026993751526,550.0251960754395,44.3812894821167,132.13977813720703,1.0,-1,-1,-1,
32,-1,1324.939325451851,313.4033115506172,43.12168478965759,113.03882682323456,1.0,-1,-1,-1,
32,-1,243.7025785446167,686.4602589011192,74.21324729919434,133.34485065937042,0.9999997615814209,-1,-1,-1,
32,-1,506.6451966762543,412.06585425138474,47.70943880081177,120.35272800922394,1.0,-1,-1,-1,
32,-1,106.7406177520752,628.7682974338531,60.02772331237793,172.852942943573,0.9999988079071045,-1,-1,-1,
32,-1,1717.8886342048645,334.23789578676224,52.50070095062256,110.90949618816376,0.9999998807907104,-1,-1,-1,
32,-1,834.3258029222488,305.72221702337265,46.35255217552185,130.10960447788239,1.0,-1,-1,-1,
33,-1,1314.1093915700912,579.0187768936157,50.78840374946594,135.61236763000488,1.0,-1,-1,-1,
33,-1,1302.4864947795868,306.2695244550705,36.32316827774048,116.97137761116028,1.0,-1,-1,-1,
33,-1,1548.5743653774261,562.1210371255875,55.03960847854614,116.33705878257751,1.0,-1,-1,-1,
33,-1,1085.6231886148453,337.27203261852264,37.45281100273132,127.13662362098694,1.0,-1,-1,-1,
33,-1,284.6584689617157,692.0686630010605,60.11474847793579,137.7061836719513,1.0,-1,-1,-1,
33,-1,1687.2783315181732,325.72543984651566,51.60918474197388,116.58866393566132,1.0,-1,-1,-1,
33,-1,53.93272876739502,647.8140891194344,72.14894771575928,151.1803411245346,0.9999998807907104,-1,-1,-1,
33,-1,800.9630137681961,301.80811393260956,48.05199980735779,129.30500292778015,1.0,-1,-1,-1,
33,-1,450.6781017780304,421.24727779626846,45.9264349937439,123.79772078990936,1.0,-1,-1,-1,
33,-1,1880.8447265625,380.51632672548294,40.002593994140625,121.47028863430023,0.9999998807907104,-1,-1,-1,
33,-1,1640.8009922504425,56.79702365398407,28.866612911224365,76.44000542163849,0.9999858140945435,-1,-1,-1,
34,-1,1274.1274237632751,584.9338508248329,62.63046741485596,126.66020858287811,1.0,-1,-1,-1,
34,-1,1502.8665608167648,560.6822358369827,49.01587128639221,136.92354941368103,1.0,-1,-1,-1,
34,-1,1045.3306603431702,337.0506280660629,38.729166984558105,121.56699299812317,1.0,-1,-1,-1,
34,-1,1267.0198166370392,296.2668106555939,36.90374135971069,123.24166345596313,1.0,-1,-1,-1,
34,-1,22.30209231376648,661.0878984332085,58.35913896560669,145.35813009738922,1.0,-1,-1,-1,
34,-1,766.7956280708313,300.54356878995895,38.877997398376465,126.98822128772736,1.0,-1,-1,-1,
34,-1,399.05053317546844,408.75661128759384,51.952396631240845,144.057164311409,1.0,-1,-1,-1,
34,-1,318.6526823043823,686.984134554863,61.087331771850586,145.46099495887756,1.0,-1,-1,-1,
34,-1,1837.3831433057785,377.10189986228943,48.252893686294556,123.8995041847229,0.9999997615814209,-1,-1,-1,
34,-1,1665.9284591674805,326.19277346134186,43.533782958984375,109.4805600643158,0.9999998807907104,-1,-1,-1,
34,-1,1894.9096056818962,177.4612044095993,24.848604798316956,121.3989987373352,0.9999932050704956,-1,-1,-1,
34,-1,1593.667615056038,52.71877419948578,30.683645009994507,75.68304634094238,0.9999953508377075,-1,-1,-1,
35,-1,1244.1398870944977,580.5732387900352,61.52704954147339,147.67860996723175,1.0,-1,-1,-1,
35,-1,1445.0726795196533,564.7884939908981,53.704891204833984,136.96313881874084,1.0,-1,-1,-1,
35,-1,347.44801461696625,685.209835588932,52.635594606399536,148.94212996959686,1.0,-1,-1,-1,
35,-1,1213.507463335991,304.4292479753494,48.54858040809631,106.47976040840149,1.0,-1,-1,-1,
35,-1,1000.4420775175095,329.9048498868942,36.76751732826233,120.84283518791199,1.0,-1,-1,-1,
35,-1,1789.6301186084747,377.11559200286865,48.48756551742554,128.50678396224976,1.0,-1,-1,-1,
35,-1,1838.8743460178375,182.2512069940567,44.627788066864014,105.11241960525513,1.0,-1,-1,-1,
35,-1,337.12334632873535,425.1129997372627,53.649044036865234,118.18865525722504,1.0,-1,-1,-1,
35,-1,1643.0392920970917,322.7524445056915,46.37136697769165,112.05620813369751,1.0,-1,-1,-1,
35,-1,1.374691128730774,668.6013994216919,46.360284090042114,126.94240379333496,0.9999997615814209,-1,-1,-1,
35,-1,720.0092446804047,292.2131146788597,52.12491273880005,127.55375111103058,0.9999939203262329,-1,-1,-1,
36,-1,1204.4128274917603,581.2844769358635,70.34502983093262,142.82286322116852,1.0,-1,-1,-1,
36,-1,1385.8471423387527,584.3321980834007,52.19212889671326,127.24939548969269,1.0,-1,-1,-1,
36,-1,374.14921402931213,698.7659752964973,50.40024518966675,153.73569238185883,1.0,-1,-1,-1,
36,-1,1594.3314027786255,320.0613080263138,69.09110069274902,114.25639414787292,1.0,-1,-1,-1,
36,-1,283.61787736415863,421.2157704234123,53.16608548164368,127.7478357553482,1.0,-1,-1,-1,
36,-1,948.1091022491455,327.6986256837845,36.524105072021484,124.14014983177185,1.0,-1,-1,-1,
36,-1,1733.6741709709167,374.9379671216011,49.691834449768066,115.74145066738129,1.0,-1,-1,-1,
36,-1,1170.176140666008,305.48552709817886,42.14535355567932,103.76447761058807,1.0,-1,-1,-1,
36,-1,667.6081091165543,292.0456498861313,54.220465421676636,114.50076699256897,0.9999997615814209,-1,-1,-1,
36,-1,1794.714596271515,176.98241883516312,36.7120885848999,98.22605502605438,1.0,-1,-1,-1,
36,-1,1896.5432024002075,342.0133949518204,23.5495662689209,132.54743313789368,0.9997625946998596,-1,-1,-1,
37,-1,219.47304010391235,424.2660439610481,65.63863277435303,134.69338166713715,1.0,-1,-1,-1,
37,-1,1182.995549440384,587.9296696186066,55.16719579696655,140.75655698776245,1.0,-1,-1,-1,
37,-1,1310.5085635185242,588.3184311389923,52.75095462799072,136.53095769882202,1.0,-1,-1,-1,
37,-1,1572.96841442585,326.9920980334282,43.231719732284546,102.84478676319122,1.0,-1,-1,-1,
37,-1,881.7590779066086,334.1854414343834,42.56769776344299,113.10678541660309,1.0,-1,-1,-1,
37,-1,1671.083242893219,378.28198277950287,42.74180889129639,130.8519251346588,1.0,-1,-1,-1,
37,-1,1113.0782586336136,309.59473353624344,49.108604192733765,98.70182311534882,1.0,-1,-1,-1,
37,-1,362.4198639392853,702.1534298658371,88.83559942245483,164.3412401676178,1.0,-1,-1,-1,
37,-1,1840.759996175766,355.49678671360016,49.24454927444458,110.69875502586365,1.0,-1,-1,-1,
37,-1,1725.032485127449,183.1006829738617,43.12022566795349,95.36684060096741,0.9999996423721313,-1,-1,-1,
37,-1,613.7747794389725,286.7618805170059,44.921640157699585,121.11914992332458,1.0,-1,-1,-1,
38,-1,1242.7312642335892,607.4437943100929,55.216487646102905,125.05438506603241,1.0,-1,-1,-1,
38,-1,1157.8459453582764,588.189773619175,59.2558479309082,140.75596797466278,1.0,-1,-1,-1,
38,-1,1607.2363883256912,379.2513116598129,44.39853072166443,131.47550654411316,1.0,-1,-1,-1,
38,-1,392.4958848953247,705.4944199919701,73.23054313659668,147.39086258411407,1.0,-1,-1,-1,
38,-1,1067.896535396576,305.3972475528717,45.160603523254395,101.93337106704712,1.0,-1,-1,-1,
38,-1,1793.9976632595062,351.87731248140335,48.202106952667236,120.15445268154144,1.0,-1,-1,-1,
38,-1,170.8336579799652,433.08401906490326,48.833820819854736,121.023517370224,1.0,-1,-1,-1,
38,-1,826.8108290433884,334.0616183280945,37.87896752357483,112.34847450256348,1.0,-1,-1,-1,
38,-1,1536.1466091871262,317.80692315101624,43.14287781715393,106.83542776107788,1.0,-1,-1,-1,
38,-1,1668.1223809719086,175.59077560901642,40.786564350128174,99.5990252494812,0.9999998807907104,-1,-1,-1,
38,-1,551.6858410835266,280.7531164884567,61.218581199645996,123.03906226158142,1.0,-1,-1,-1,
39,-1,1844.9303948879242,655.2839580774307,50.123798847198486,173.60180068016052,1.0,-1,-1,-1,
39,-1,425.9497421979904,710.1728673577309,41.83184266090393,146.80376136302948,1.0,-1,-1,-1,
39,-1,1128.4076696634293,584.0794036388397,54.15672183036804,138.29567956924438,1.0,-1,-1,-1,
39,-1,105.90200364589691,438.84240424633026,59.885369539260864,125.10091710090637,1.0,-1,-1,-1,
39,-1,758.0156743526459,327.1846473813057,49.095375537872314,127.58833873271942,1.0,-1,-1,-1,
39,-1,1497.3683363199234,313.7734580039978,44.664191007614136,111.75780057907104,1.0,-1,-1,-1,
39,-1,1539.055557847023,388.2941883802414,41.522215604782104,115.61371207237244,1.0,-1,-1,-1,
39,-1,1167.4172759056091,617.6737464666367,56.24706745147705,126.26295304298401,1.0,-1,-1,-1,
39,-1,1747.3866212368011,357.12620455026627,38.23716402053833,122.9568418264389,1.0,-1,-1,-1,
39,-1,1017.7444839477539,292.9504963159561,47.72117614746094,109.54104495048523,1.0,-1,-1,-1,
39,-1,492.1863627433777,278.22831666469574,61.364121437072754,121.25630307197571,0.9999998807907104,-1,-1,-1,
39,-1,1602.797468304634,174.57920676469803,37.8778874874115,92.61109936237335,0.9999998807907104,-1,-1,-1,
40,-1,1754.8850405216217,673.3396911621094,90.88864088058472,160.5900764465332,0.9999997615814209,-1,-1,-1,
40,-1,49.746628403663635,438.9394546151161,57.84868597984314,133.7424634695053,1.0,-1,-1,-1,
40,-1,1674.5479309558868,356.25612115859985,64.76735830307007,124.97394132614136,0.9999997615814209,-1,-1,-1,
40,-1,1083.1147634983063,622.851401746273,63.432490825653076,144.4149752855301,1.0,-1,-1,-1,
40,-1,401.9977033138275,695.0327732563019,106.24831438064575,175.78271341323853,1.0,-1,-1,-1,
40,-1,695.2267062664032,328.89083486795425,41.12201929092407,118.18019664287567,1.0,-1,-1,-1,
40,-1,971.504128575325,297.61958545446396,41.12489104270935,102.69384491443634,1.0,-1,-1,-1,
40,-1,1466.1310118436813,380.43219602108,43.30232262611389,126.18585991859436,1.0,-1,-1,-1,
40,-1,1460.2728259563446,317.513018488884,39.048006534576416,96.1044008731842,1.0,-1,-1,-1,
40,-1,1537.5032830238342,166.08725041151047,39.46731090545654,96.55735194683075,0.9999996423721313,-1,-1,-1,
40,-1,428.5298377275467,275.565129339695,47.550519704818726,122.3063782453537,1.0,-1,-1,-1,
40,-1,1098.624055981636,587.0713520050049,44.08939719200134,88.80309104919434,0.9999984502792358,-1,-1,-1,
41,-1,1019.3260860443115,640.5694710016251,61.32265090942383,141.46068835258484,1.0,-1,-1,-1,
41,-1,1697.2596967220306,667.1534732580185,66.00756883621216,166.4674036502838,1.0,-1,-1,-1,
41,-1,1062.6901495456696,572.0567176938057,49.10425901412964,133.63107240200043,1.0,-1,-1,-1,
41,-1,434.74027276039124,706.8782982230186,44.11583662033081,157.4814873933792,1.0,-1,-1,-1,
41,-1,4.027544260025024,447.4714896082878,56.70068979263306,128.46206724643707,1.0,-1,-1,-1,
41,-1,1641.0882729291916,361.93828547000885,47.27436661720276,115.12836527824402,1.0,-1,-1,-1,
41,-1,915.3065872192383,293.04500555992126,51.954803466796875,114.12335443496704,1.0,-1,-1,-1,
41,-1,1392.0915377140045,394.11799746751785,49.47705030441284,113.09058272838593,1.0,-1,-1,-1,
41,-1,632.7514654397964,343.46970731019974,47.78179049491882,110.57292830944061,1.0,-1,-1,-1,
41,-1,352.8121840953827,282.2065690755844,61.50308847427368,112.69070076942444,1.0,-1,-1,-1,
41,-1,1471.498391032219,164.5506649017334,42.07874894142151,98.71523523330688,0.9999994039535522,-1,-1,-1,
41,-1,1409.5825839042664,314.5852596759796,44.56545352935791,108.4648118019104,0.9999996423721313,-1,-1,-1,
42,-1,954.942319393158,649.3331136703491,54.26987171173096,142.189847946167,1.0,-1,-1,-1,
42,-1,1027.4081361293793,574.2079029679298,42.43760347366333,131.07668673992157,1.0,-1,-1,-1,
42,-1,433.62062752246857,716.7040827870369,49.2300546169281,150.80043733119965,1.0,-1,-1,-1,
42,-1,1647.0312184095383,652.4493470191956,43.32312226295471,181.15316104888916,0.9999998807907104,-1,-1,-1,
42,-1,1376.8916434049606,319.34157264232635,35.60926079750061,101.48153042793274,1.0,-1,-1,-1,
42,-1,1589.3930518627167,361.3918615579605,47.124388217926025,121.92781662940979,1.0,-1,-1,-1,
42,-1,577.2371131181717,349.18135607242584,43.4007203578949,101.06234622001648,1.0,-1,-1,-1,
42,-1,871.9167405366898,299.8466455936432,41.351341009140015,112.6403546333313,1.0,-1,-1,-1,
42,-1,1318.3786010742188,391.11447805166245,50.49041748046875,124.41232216358185,1.0,-1,-1,-1,
42,-1,288.6667513847351,280.67101514339447,61.34907245635986,114.74239754676819,1.0,-1,-1,-1,
42,-1,1415.452818274498,164.93135565519333,33.40680241584778,97.08539736270905,0.9999994039535522,-1,-1,-1,
43,-1,885.4096627235413,659.4805444478989,62.33088970184326,151.1625645160675,1.0,-1,-1,-1,
43,-1,512.9234075546265,341.97214633226395,60.13707160949707,117.39373862743378,1.0,-1,-1,-1,
43,-1,973.7626433372498,567.8284308314323,64.39571857452393,143.7655931711197,1.0,-1,-1,-1,
43,-1,420.14595329761505,712.0924562215805,57.7305543422699,158.51491570472717,1.0,-1,-1,-1,
43,-1,1532.035190463066,368.96451169252396,50.84432244300842,120.46989333629608,1.0,-1,-1,-1,
43,-1,1245.721873641014,399.7324880361557,53.441888093948364,128.67933583259583,1.0,-1,-1,-1,
43,-1,1558.3528661727905,676.81994587183,93.11436653137207,152.66384303569794,1.0,-1,-1,-1,
43,-1,1321.26504778862,316.94919776916504,49.35741662979126,107.21108293533325,1.0,-1,-1,-1,
43,-1,829.4368171691895,292.766519844532,47.36034393310547,116.7217229604721,1.0,-1,-1,-1,
43,-1,1842.7738308906555,493.77149999141693,53.29503536224365,118.757883310318,0.9999997615814209,-1,-1,-1,
43,-1,217.31237411499023,276.7376967072487,69.92208480834961,123.50317561626434,1.0,-1,-1,-1,
43,-1,1353.1487756967545,165.45423915982246,34.29853320121765,70.13380426168442,0.9999927282333374,-1,-1,-1,
44,-1,1509.7473710775375,664.4297028779984,57.7835476398468,161.14392256736755,1.0,-1,-1,-1,
44,-1,933.1282925605774,556.720067024231,47.973761558532715,152.8674774169922,1.0,-1,-1,-1,
44,-1,469.13818538188934,348.04408925771713,43.39816689491272,112.57775509357452,1.0,-1,-1,-1,
44,-1,1498.7986242771149,373.0424956083298,40.759456157684326,112.17854905128479,1.0,-1,-1,-1,
44,-1,403.2865297794342,722.0369735956192,63.22603940963745,143.09053587913513,1.0,-1,-1,-1,
44,-1,1801.804929971695,951.4683583974838,70.82983732223511,138.7799255847931,1.0,-1,-1,-1,
44,-1,824.2919397354126,672.6012521982193,71.82944297790527,143.52134585380554,1.0,-1,-1,-1,
44,-1,1188.7813532352448,407.37032067775726,40.39879560470581,121.92762351036072,1.0,-1,-1,-1,
44,-1,1283.989582657814,318.0323494076729,40.43308138847351,106.45551431179047,1.0,-1,-1,-1,
44,-1,788.4292531013489,297.34316450357437,35.062994956970215,105.25879418849945,1.0,-1,-1,-1,
44,-1,1800.0483047962189,502.40765994787216,41.068246364593506,104.48444473743439,0.9999998807907104,-1,-1,-1,
44,-1,157.77055978775024,278.13343888521194,62.072110176086426,126.13685595989227,1.0,-1,-1,-1,
44,-1,1288.2098257541656,161.0970123410225,32.120769023895264,100.5566736459732,0.9999985694885254,-1,-1,-1,
45,-1,878.3340275287628,555.7439548373222,54.99290227890015,144.90252363681793,1.0,-1,-1,-1,
45,-1,780.9747487306595,681.4171641469002,54.63581442832947,154.4798959493637,1.0,-1,-1,-1,
45,-1,407.7855294942856,343.48867321014404,59.40672039985657,122.37351608276367,1.0,-1,-1,-1,
45,-1,376.29367232322693,723.8373548984528,87.5951886177063,160.57335233688354,1.0,-1,-1,-1,
45,-1,1445.9086382389069,373.68101316690445,44.86851453781128,111.97551333904266,1.0,-1,-1,-1,
45,-1,1707.518699169159,936.2573638558388,72.225022315979,157.26702868938446,0.9999997615814209,-1,-1,-1,
45,-1,1119.4894230365753,409.0138072371483,44.44408178329468,126.16283047199249,1.0,-1,-1,-1,
45,-1,1447.5977575778961,661.1444163322449,53.7274432182312,181.9621753692627,0.9999974966049194,-1,-1,-1,
45,-1,1737.9942333698273,495.53134721517563,55.82946538925171,118.05090343952179,0.9999992847442627,-1,-1,-1,
45,-1,728.8567757606506,294.26050651073456,51.473307609558105,107.06232333183289,1.0,-1,-1,-1,
45,-1,1242.540385723114,319.4130653142929,40.01802921295166,103.10268759727478,1.0,-1,-1,-1,
45,-1,92.0254898071289,278.3917871117592,47.40370273590088,126.87221467494965,0.9999998807907104,-1,-1,-1,
45,-1,1219.6441286802292,163.5073424577713,39.68719124794006,94.62406611442566,0.9999985694885254,-1,-1,-1,
46,-1,823.3017379045486,556.7982979416847,58.02077651023865,147.31514060497284,1.0,-1,-1,-1,
46,-1,1620.556937456131,931.2575937509537,67.99607992172241,166.5582082271576,1.0,-1,-1,-1,
46,-1,722.1379780769348,694.4374548196793,64.19747829437256,142.04815649986267,1.0,-1,-1,-1,
46,-1,391.88172519207,732.8969412446022,54.438568353652954,132.67385852336884,1.0,-1,-1,-1,
46,-1,1406.7160195112228,379.38388949632645,35.836912393569946,104.96386277675629,1.0,-1,-1,-1,
46,-1,1199.8380625247955,315.16671216487885,45.20554304122925,113.50855994224548,1.0,-1,-1,-1,
46,-1,1060.8861100673676,416.94232910871506,43.79075288772583,130.8453494310379,1.0,-1,-1,-1,
46,-1,368.3278065919876,359.4879797101021,44.81054663658142,117.94702470302582,1.0,-1,-1,-1,
46,-1,1374.357751607895,669.4968007206917,47.33086824417114,139.10174882411957,0.9999998807907104,-1,-1,-1,
46,-1,1158.4072029590607,164.56913352012634,37.46644735336304,94.00668382644653,0.9999977350234985,-1,-1,-1,
46,-1,691.8318396806717,299.20896488428116,40.308297872543335,99.5334323644638,0.9999998807907104,-1,-1,-1,
46,-1,1705.7927799224854,500.9402754306793,37.27071762084961,103.82771444320679,0.9999996423721313,-1,-1,-1,
46,-1,1879.7683042287827,536.3786283731461,39.56495404243469,161.9957320690155,0.9969647526741028,-1,-1,-1,
47,-1,788.1119155883789,556.7627865672112,63.303565979003906,140.70102560520172,1.0,-1,-1,-1,
47,-1,1551.0902845859528,932.597551882267,66.13844633102417,161.23307597637177,1.0,-1,-1,-1,
47,-1,1833.7781202793121,556.6990653276443,73.3999514579773,143.33502459526062,1.0,-1,-1,-1,
47,-1,1025.1579022407532,424.21745359897614,34.51871395111084,122.43525624275208,1.0,-1,-1,-1,
47,-1,693.8474017381668,703.2734060883522,52.19281554222107,141.697230219841,1.0,-1,-1,-1,
47,-1,401.2702775001526,730.5905719399452,56.965956687927246,150.21887862682343,0.9999998807907104,-1,-1,-1,
47,-1,1362.0096462965012,380.9294791817665,53.32102417945862,117.80983293056488,1.0,-1,-1,-1,
47,-1,1289.319269657135,658.9918373823166,72.92800426483154,145.7245638370514,0.9999995231628418,-1,-1,-1,
47,-1,326.3011908531189,357.4580828547478,66.89327716827393,121.37757217884064,1.0,-1,-1,-1,
47,-1,646.5293508768082,299.58155912160873,57.0986545085907,115.64734375476837,1.0,-1,-1,-1,
47,-1,1186.684104502201,324.0207152366638,29.179474711418152,105.60533666610718,0.9999998807907104,-1,-1,-1,
47,-1,1664.9839407205582,499.4244791865349,55.00907778739929,133.98558104038239,0.9999812841415405,-1,-1,-1,
47,-1,1121.2359827756882,166.91382086277008,30.081363916397095,98.23274660110474,0.9999992847442627,-1,-1,-1,
48,-1,756.5766048431396,577.8247266411781,63.342647552490234,121.29567039012909,1.0,-1,-1,-1,
48,-1,1505.4410111904144,926.0381298065186,62.004711627960205,171.9314947128296,1.0,-1,-1,-1,
48,-1,316.3428282737732,356.8028186559677,43.18249225616455,132.55558276176453,1.0,-1,-1,-1,
48,-1,1004.0239727497101,426.61515855789185,35.951993465423584,125.79307508468628,1.0,-1,-1,-1,
48,-1,692.198292016983,700.3088275194168,38.86997938156128,150.01887488365173,1.0,-1,-1,-1,
48,-1,1357.623251080513,386.8290504813194,34.33205008506775,119.84355032444,1.0,-1,-1,-1,
48,-1,1803.4055256843567,541.4990833997726,58.72605800628662,168.99919438362122,1.0,-1,-1,-1,
48,-1,1170.8233433961868,323.626070022583,38.17463278770447,114.62523221969604,1.0,-1,-1,-1,
48,-1,1207.8793001174927,654.9134446978569,81.01607322692871,131.43100225925446,0.9999995231628418,-1,-1,-1,
48,-1,400.35040497779846,731.163116812706,79.67234373092651,166.48115372657776,0.9999998807907104,-1,-1,-1,
48,-1,1658.7870329618454,499.42811304330826,41.359344720840454,139.01704680919647,0.9999979734420776,-1,-1,-1,
48,-1,640.4161942005157,307.7309914827347,36.547486782073975,108.9201672077179,0.9999998807907104,-1,-1,-1,
48,-1,1090.583209991455,165.12299412488937,39.262046813964844,95.79043757915497,0.9999997615814209,-1,-1,-1,
49,-1,710.1177263259888,576.3071231245995,68.1320858001709,130.29542362689972,1.0,-1,-1,-1,
49,-1,1469.4098085165024,923.0362551212311,59.7464382648468,185.17926836013794,1.0,-1,-1,-1,
49,-1,1172.9401695728302,329.1822515130043,44.13697957992554,114.63742768764496,1.0,-1,-1,-1,
49,-1,1152.2511792182922,653.2689008116722,66.25295162200928,122.02521622180939,0.9999998807907104,-1,-1,-1,
49,-1,990.0744187831879,428.5583417415619,43.05283784866333,127.95017623901367,1.0,-1,-1,-1,
49,-1,307.27606415748596,366.3223791718483,54.91379499435425,134.50547683238983,1.0,-1,-1,-1,
49,-1,1353.4050357341766,397.7064873576164,40.477144718170166,129.3654009103775,1.0,-1,-1,-1,
49,-1,677.7396941184998,711.3850482702255,76.2196397781372,149.40873456001282,1.0,-1,-1,-1,
49,-1,451.7183142900467,751.9465550780296,44.977887868881226,149.56013023853302,1.0,-1,-1,-1,
49,-1,632.551281452179,310.4140684604645,49.31443691253662,110.86331176757812,1.0,-1,-1,-1,
49,-1,1797.8249269723892,543.613312125206,45.37813067436218,165.18710160255432,0.9999996423721313,-1,-1,-1,
49,-1,1661.333858370781,508.81092596054077,48.18677544593811,126.10009574890137,0.9999986886978149,-1,-1,-1,
49,-1,1086.7778331041336,181.16758704185486,22.954648733139038,75.50684452056885,0.9988947510719299,-1,-1,-1,
50,-1,691.7731207609177,589.7169864177704,46.673866510391235,126.25370264053345,1.0,-1,-1,-1,
50,-1,711.5409350395203,706.856784760952,60.73091983795166,159.95626938343048,1.0,-1,-1,-1,
50,-1,1367.960974574089,407.1673831343651,41.70103669166565,120.7898336648941,1.0,-1,-1,-1,
50,-1,1095.6091690063477,649.3349096775055,72.94349670410156,121.77357244491577,0.9999998807907104,-1,-1,-1,
50,-1,1464.639328122139,925.1278631687164,58.36378455162048,182.46053838729858,0.9999997615814209,-1,-1,-1,
50,-1,1805.3203600645065,559.603279709816,50.695720911026,149.66438555717468,1.0,-1,-1,-1,
50,-1,1013.7708681821823,421.4627922177315,32.0207941532135,143.0801557302475,1.0,-1,-1,-1,
50,-1,1209.478023648262,340.9726860523224,36.288474798202515,116.76920127868652,1.0,-1,-1,-1,
50,-1,485.24224519729614,742.4039393663406,88.0695104598999,171.78547739982605,1.0,-1,-1,-1,
50,-1,322.9132479429245,376.2926715016365,49.50971245765686,125.61149489879608,1.0,-1,-1,-1,
50,-1,1697.3766195774078,514.111266553402,42.3144793510437,123.60037243366241,1.0,-1,-1,-1,
50,-1,1093.7259793281555,173.95039021968842,40.08168697357178,99.42145228385925,0.9999998807907104,-1,-1,-1,
50,-1,671.5426862239838,321.85319048166275,34.11746263504028,110.79880034923553,1.0,-1,-1,-1,
