1-2.jpg,0.0417124,0.0560013,-27.0163,-0.000636294,0.339689,-103.725,-3.03055e-05,0.00274778,1,
2-2.jpg,0.0429813,0.0587756,-33.7592,-0.00282224,0.353365,-108.452,-2.95153e-05,0.00289428,1,
3-2.jpg,0.0422972,0.0584428,-39.7169,-0.00412084,0.348573,-107.894,-4.5645e-05,0.00284433,1,
4-2.jpg,0.0456498,0.0626444,-47.7264,-0.00298564,0.371307,-116.149,2.0672e-05,0.00305628,1,
5-2.jpg,0.0453688,0.0626584,-51.2362,-0.00302997,0.370518,-114.555,2.23496e-05,0.00306511,1,
6-2.jpg,0.043386,0.0594132,-51.287,-0.00373219,0.352388,-105.748,1.62892e-05,0.00290989,1,
7-2.jpg,0.0427039,0.0586922,-52.3367,-0.00324654,0.348876,-102.651,3.54657e-05,0.00286298,1,
8-2.jpg,0.0409935,0.0565216,-52.3973,-0.00414034,0.334867,-95.443,2.23977e-05,0.00275861,1,
9-2.jpg,0.0425095,0.0591826,-56.5049,-0.00428299,0.351157,-99.3827,2.91333e-05,0.00295955,1,
10-2.jpg,0.0397983,0.0548175,-53.8167,-0.00406485,0.324544,-87.7373,3.88535e-05,0.00269461,1,
11-2.jpg,0.0377752,0.0519591,-51.4815,-0.0045347,0.307539,-80.1643,2.9764e-05,0.00254264,1,
12-2.jpg,0.0380021,0.0524366,-51.7621,-0.00416077,0.310704,-80.9363,3.78005e-05,0.00256723,1,
13-2.jpg,0.0373775,0.0518529,-50.8133,-0.0042315,0.305922,-77.8366,3.31902e-05,0.00253424,1,
14-2.jpg,0.037574,0.0517489,-50.6255,-0.00362189,0.30661,-76.964,4.04739e-05,0.00255075,1,
15-2.jpg,0.0373835,0.0516639,-50.22,-0.00361738,0.304969,-75.1677,4.58283e-05,0.0025325,1,
16-2.jpg,0.035842,0.0495586,-47.9732,-0.00414355,0.293125,-69.7313,2.94734e-05,0.00242158,1,
17-2.jpg,0.0365796,0.0503243,-49.0461,-0.0034298,0.298076,-70.3612,4.68673e-05,0.00247873,1,
18-2.jpg,0.03362,0.0461685,-45.1048,-0.0043549,0.274332,-59.8482,2.47576e-05,0.00224481,1,
19-2.jpg,0.0331117,0.0454438,-44.4991,-0.00358245,0.269724,-54.9245,3.80962e-05,0.00221063,1,
20-2.jpg,0.033538,0.046314,-45.1941,-0.00321624,0.274012,-52.2815,4.73336e-05,0.00226217,1,
21-2.jpg,0.0334208,0.0466011,-45.0119,-0.0036131,0.275691,-48.3849,4.22606e-05,0.0022919,1,
22-2.jpg,0.0329215,0.0452546,-43.7329,-0.00248974,0.267167,-42.9282,5.88372e-05,0.00219167,1,
23-2.jpg,0.0327795,0.0449785,-42.9831,-0.00242419,0.266536,-38.6402,5.69669e-05,0.00219276,1,
24-2.jpg,0.0323681,0.0443742,-41.5818,-0.00258395,0.263075,-32.9736,5.3438e-05,0.00217717,1,
25-2.jpg,0.031238,0.0423873,-39.0748,-0.0021579,0.25119,-26.7918,5.63584e-05,0.00202627,1,
26-2.jpg,0.0314789,0.0435203,-38.7839,-0.00276792,0.256709,-23.1262,4.84394e-05,0.00211631,1,
27-2.jpg,0.0315737,0.0431983,-37.8873,-0.00306071,0.255727,-21.1854,4.19252e-05,0.00208124,1,
28-2.jpg,0.0335766,0.0460547,-38.9219,-0.00259841,0.272136,-25.4596,4.92144e-05,0.00222873,1,
29-2.jpg,0.0346172,0.0472697,-37.9273,-0.00232186,0.278581,-28.1472,5.09185e-05,0.0022666,1,
30-2.jpg,0.0358931,0.0489304,-37.1038,-0.00164381,0.288071,-31.4138,5.08977e-05,0.00234389,1,
31-2.jpg,0.0368746,0.0501703,-35.5011,-0.00218638,0.29722,-33.9144,3.37371e-05,0.00240925,1,
32-2.jpg,0.0379466,0.0516646,-33.5003,-0.00293648,0.308288,-36.7558,1.83604e-06,0.0025101,1,
33-2.jpg,0.0406863,0.0553081,-32.8178,-0.00272347,0.330766,-45.0002,-8.52355e-06,0.00267936,1,
34-2.jpg,0.0457604,0.0622619,-34.0967,-0.00177827,0.372246,-57.6188,-5.50601e-07,0.00306463,1,
35-2.jpg,0.0501154,0.0682788,-35.3732,-0.00101509,0.40982,-70.857,2.93296e-07,0.00335389,1,
36-2.jpg,0.0523741,0.0714622,-35.6008,-0.00223225,0.43211,-79.0617,-3.9937e-05,0.00354246,1,
37-2.jpg,0.0570103,0.0776386,-37.3074,-0.000395933,0.467051,-92.0344,-5.26174e-06,0.00380652,1,
38-2.jpg,0.0614623,0.0851943,-39.2686,-0.00169473,0.513683,-108.091,-6.98828e-05,0.00424819,1,
39-2.jpg,0.064474,0.0856847,-38.3617,0.00156492,0.522429,-114.191,4.32404e-05,0.00418017,1,
40-2.jpg,0.067206,0.093,-39.2568,-0.000139915,0.56156,-125.307,-4.53183e-05,0.00462433,1,
41-2.jpg,0.0687706,0.096789,-38.6313,-0.000450015,0.582266,-132.471,-9.36106e-05,0.00484613,1,
42-2.jpg,0.0656193,0.0925527,-34.766,-0.00151168,0.561385,-129.777,-0.000156088,0.00459515,1,
43-2.jpg,0.0668219,0.0869304,-31.1221,0.00522926,0.539374,-127.504,6.73411e-06,0.00425036,1,
44-2.jpg,0.0730976,0.0966001,-32.1992,0.00605559,0.598076,-143.89,1.60793e-05,0.00483711,1,
45-2.jpg,0.071574,0.0917947,-28.3766,0.00651652,0.580307,-141.601,9.01216e-06,0.00459604,1,
46-2.jpg,0.067059,0.0852937,-23.4675,0.0065703,0.542321,-133.835,-2.95599e-05,0.00421345,1,
47-2.jpg,0.084026,0.117078,-30.0275,0.0108562,0.709559,-183.181,-7.76789e-06,0.0058277,1,
48-2.jpg,0.0940913,0.13088,-31.4499,0.0141777,0.781933,-206.268,3.93823e-05,0.00646947,1,
49-2.jpg,0.0849444,0.121806,-23.0782,0.012458,0.745871,-198.268,-5.58403e-05,0.00616839,1,
50-2.jpg,0.0900338,0.129489,-22.279,0.0155951,0.784897,-212.631,-3.47803e-05,0.00649175,1,
